1 0.95390625 0.6875 0.0859375 0.1171875
3 0.72109375 0.56015625 0.0953125 0.11484375
1 0.3671875 0.66328125 0.05625 0.10546875
1 0.28203125 0.48125 0.0171875 0.0375
1 0.40078125 0.53203125 0.0203125 0.04921875
1 0.67421875 0.475 0.0234375 0.03984375
1 0.69609375 0.45859375 0.0171875 0.03046875
1 0.33828125 0.33125 0.0078125 0.0140625
1 0.4015625 0.3078125 0.00625 0.009375
1 0.47734375 0.3296875 0.0078125 0.01640625
0 0.29765625 0.30859375 0.0140625 0.01640625
3 0.31484375 0.3078125 0.0140625 0.0234375
2 0.2828125 0.2984375 0.01875 0.0375
2 0.27890625 0.27265625 0.0171875 0.0140625
1 0.3296875 0.43671875 0.021875 0.046875
1 0.30546875 0.37890625 0.0171875 0.03046875
1 0.4953125 0.39296875 0.021875 0.03515625
1 0.43125 0.34140625 0.0125 0.02578125
0 0.4140625 0.34375 0.021875 0.03046875
0 0.3671875 0.415625 0.03125 0.0328125
0 0.30390625 0.3359375 0.0171875 0.0234375
0 0.41484375 0.31484375 0.0171875 0.01875
0 0.37109375 0.31328125 0.0140625 0.02109375
0 0.32265625 0.29140625 0.0078125 0.009375
0 0.31171875 0.27265625 0.0078125 0.009375
0 0.3390625 0.278125 0.009375 0.01171875
0 0.30234375 0.2921875 0.0046875 0.01171875
1 0.390625 0.30859375 0.009375 0.01640625
0 0.35703125 0.34609375 0.0203125 0.02578125
1 0.36015625 0.28515625 0.0046875 0.01171875
2 0.51171875 0.3578125 0.0515625 0.04453125
