1 0.4015625 0.0359375 0.13125 0.071875
3 0.4828125 0.271875 0.13125 0.115625
1 0.3140625 0.59921875 0.115625 0.075
1 0.4765625 0.7171875 0.040625 0.0234375
1 0.45 0.59140625 0.053125 0.0296875
1 0.5578125 0.33359375 0.04375 0.03125
1 0.578125 0.315625 0.034375 0.0234375
1 0.63515625 0.690625 0.015625 0.0109375
1 0.66953125 0.63359375 0.0109375 0.0078125
1 0.6625 0.5546875 0.0171875 0.0109375
0 0.64921875 0.73515625 0.01875 0.0171875
3 0.653125 0.71875 0.025 0.01875
2 0.65625 0.7515625 0.040625 0.025
2 0.68125 0.76015625 0.0171875 0.0203125
1 0.5296875 0.67890625 0.05 0.0296875
1 0.58203125 0.7140625 0.034375 0.0234375
1 0.60390625 0.525 0.0375 0.028125
1 0.6421875 0.59765625 0.0265625 0.0171875
0 0.63671875 0.6140625 0.034375 0.028125
0 0.5578125 0.64609375 0.0375 0.0375
0 0.6234375 0.7234375 0.0265625 0.021875
0 0.665625 0.61875 0.021875 0.0203125
0 0.65859375 0.6625 0.0234375 0.01875
0 0.67109375 0.7140625 0.0109375 0.009375
0 0.6875 0.728125 0.0109375 0.009375
0 0.68671875 0.7 0.0140625 0.0109375
0 0.66640625 0.73359375 0.0125 0.00625
1 0.6671875 0.64375 0.0171875 0.0125
0 0.6234375 0.66953125 0.028125 0.025
1 0.684375 0.678125 0.0125 0.00625
2 0.6421875 0.515625 0.053125 0.059375
