0 0.8796875 0.8296875 0.09375 0.1578125
0 0.2515625 0.83984375 0.15 0.14140625
1 0.48359375 0.70234375 0.0546875 0.09609375
0 0.38125 0.70234375 0.04375 0.1203125
1 0.35234375 0.6703125 0.0140625 0.0703125
0 0.503125 0.64140625 0.0375 0.02578125
0 0.4734375 0.61796875 0.05625 0.03984375
1 0.459375 0.5796875 0.021875 0.03515625
0 0.54765625 0.5984375 0.0484375 0.04921875
0 0.50078125 0.58125 0.0453125 0.0328125
0 0.57421875 0.553125 0.0203125 0.0421875
3 0.5234375 0.54453125 0.04375 0.03984375
1 0.49296875 0.55546875 0.0109375 0.0140625
3 0.5546875 0.5328125 0.01875 0.04453125
1 0.50234375 0.50390625 0.0171875 0.028125
1 0.53984375 0.48671875 0.0171875 0.028125
1 0.56875 0.48359375 0.015625 0.02578125
1 0.58984375 0.47890625 0.0109375 0.02578125
1 0.603125 0.48359375 0.0125 0.02578125
1 0.70546875 0.4703125 0.0109375 0.0234375
1 0.78671875 0.571875 0.0234375 0.0515625
0 0.621875 0.4703125 0.015625 0.01875
0 0.609375 0.4625 0.0125 0.01640625
0 0.63359375 0.46015625 0.0078125 0.01640625
0 0.71953125 0.48125 0.0140625 0.02109375
0 0.7375 0.49375 0.009375 0.028125
0 0.6796875 0.44375 0.009375 0.01171875
0 0.66328125 0.46484375 0.0140625 0.00703125
1 0.65546875 0.52109375 0.0140625 0.02578125
2 0.68828125 0.46015625 0.0171875 0.01640625
3 0.67734375 0.4765625 0.0171875 0.01640625
3 0.68125 0.515625 0.03125 0.0609375
3 0.7140625 0.4328125 0.009375 0.0140625
