0 0.196875 0.9015625 0.125 0.1734375
0 0.81328125 0.78046875 0.1765625 0.16875
1 0.5578125 0.69453125 0.0734375 0.10625
0 0.65859375 0.6734375 0.0671875 0.1265625
1 0.6796875 0.6359375 0.028125 0.071875
0 0.5265625 0.6390625 0.0421875 0.0328125
0 0.55078125 0.61015625 0.0640625 0.0515625
1 0.55625 0.56953125 0.028125 0.0375
0 0.47421875 0.60625 0.0578125 0.059375
0 0.51640625 0.5796875 0.0515625 0.0421875
0 0.43828125 0.5671875 0.028125 0.0453125
3 0.48671875 0.5484375 0.0515625 0.0484375
1 0.51875 0.553125 0.0140625 0.015625
3 0.453125 0.54375 0.028125 0.046875
1 0.4984375 0.5046875 0.0234375 0.03125
1 0.45859375 0.4953125 0.0234375 0.03125
1 0.4296875 0.4984375 0.0203125 0.028125
1 0.4078125 0.49765625 0.015625 0.0265625
1 0.39609375 0.50546875 0.0171875 0.0265625
1 0.29296875 0.5140625 0.015625 0.025
1 0.234375 0.6296875 0.034375 0.0546875
0 0.375 0.49609375 0.01875 0.021875
0 0.38515625 0.4859375 0.015625 0.0171875
0 0.3609375 0.4890625 0.0109375 0.0171875
0 0.28125 0.52734375 0.01875 0.025
0 0.26640625 0.54296875 0.015625 0.0296875
0 0.3125 0.48203125 0.0125 0.0140625
0 0.3328125 0.49921875 0.015625 0.009375
1 0.35234375 0.553125 0.01875 0.028125
2 0.3078125 0.5 0.0203125 0.01875
3 0.321875 0.5140625 0.0203125 0.01875
3 0.32578125 0.553125 0.04375 0.065625
3 0.2765625 0.47890625 0.0125 0.015625
