2 0.9375 0.77265625 0.125 0.3453125
0 0.909375 0.55078125 0.18125 0.1484375
0 0.87109375 0.91171875 0.1875 0.1046875
1 0.86875 0.71953125 0.0453125 0.0828125
3 0.7703125 0.565625 0.146875 0.115625
0 0.7109375 0.5015625 0.1203125 0.075
1 0.78046875 0.62578125 0.1359375 0.078125
3 0.83125 0.80703125 0.159375 0.159375
0 0.76171875 0.721875 0.1296875 0.103125
1 0.65234375 0.52265625 0.065625 0.0515625
3 0.68359375 0.5875 0.11875 0.0890625
0 0.6875 0.66796875 0.0875 0.0828125
0 0.7609375 0.82890625 0.125 0.13125
0 0.6828125 0.7953125 0.071875 0.08125
0 0.65 0.715625 0.0828125 0.071875
0 0.6375 0.65078125 0.06875 0.0546875
1 0.60390625 0.584375 0.0328125 0.0359375
0 0.628125 0.5375 0.0703125 0.053125
1 0.58203125 0.5390625 0.03125 0.03125
0 0.625 0.775 0.0625 0.0734375
0 0.60390625 0.7046875 0.0375 0.0484375
1 0.5875 0.76875 0.0234375 0.0359375
3 0.578125 0.7453125 0.053125 0.0515625
3 0.5890625 0.63515625 0.078125 0.0609375
3 0.56640625 0.5734375 0.0609375 0.05
1 0.55 0.54765625 0.0359375 0.01875
0 0.5765625 0.66171875 0.05 0.0265625
1 0.57578125 0.7 0.034375 0.034375
0 0.56875 0.6046875 0.046875 0.0265625
1 0.53125 0.546875 0.01875 0.021875
1 0.5296875 0.5734375 0.01875 0.0234375
0 0.525 0.58203125 0.021875 0.028125
0 0.5546875 0.66015625 0.0359375 0.040625
0 0.55859375 0.7 0.0390625 0.0421875
3 0.5296875 0.6515625 0.04375 0.034375
0 0.534375 0.6921875 0.021875 0.028125
0 0.53671875 0.61171875 0.0296875 0.034375
0 0.51953125 0.62421875 0.015625 0.025
0 0.51015625 0.58984375 0.01875 0.0265625
0 0.496875 0.5875 0.009375 0.01875
3 0.5 0.63046875 0.03125 0.0265625
2 0.47265625 0.61328125 0.046875 0.0328125
1 0.55703125 0.91171875 0.0453125 0.0359375
1 0.56796875 0.9546875 0.04375 0.0296875
0 0.53359375 0.87265625 0.0328125 0.034375
1 0.54296875 0.88984375 0.0328125 0.0234375
0 0.484375 0.80078125 0.0203125 0.0203125
1 0.48984375 0.81640625 0.0234375 0.0171875
2 0.440625 0.59296875 0.0234375 0.0203125
2 0.42578125 0.61796875 0.0359375 0.0203125
3 0.50390625 0.659375 0.025 0.0265625
0 0.48515625 0.6609375 0.0109375 0.015625
0 0.47734375 0.66015625 0.0078125 0.0140625
