2 0.16484375 0.925 0.3296875 0.14140625
0 0.390625 0.90703125 0.125 0.18125
0 0.040625 0.81015625 0.08125 0.17890625
1 0.23125 0.834375 0.078125 0.03515625
3 0.39765625 0.75859375 0.0984375 0.13359375
0 0.46875 0.70859375 0.059375 0.1125
1 0.33671875 0.76015625 0.0609375 0.12890625
3 0.15 0.78515625 0.140625 0.14140625
0 0.24375 0.728125 0.0875 0.11875
1 0.45625 0.64765625 0.04375 0.05859375
3 0.3875 0.66953125 0.075 0.11015625
0 0.3078125 0.6625 0.071875 0.07890625
0 0.13828125 0.7125 0.1171875 0.10859375
0 0.18203125 0.63984375 0.0734375 0.0625
0 0.265625 0.61875 0.0625 0.075
0 0.33125 0.61484375 0.046875 0.0625
1 0.40234375 0.59140625 0.0328125 0.02890625
0 0.4453125 0.621875 0.04375 0.06484375
1 0.45 0.57578125 0.028125 0.02734375
0 0.21015625 0.58515625 0.0671875 0.05390625
0 0.2828125 0.57421875 0.04375 0.03125
1 0.221875 0.54921875 0.034375 0.01875
3 0.24609375 0.54296875 0.0453125 0.04765625
3 0.35390625 0.56953125 0.0515625 0.07265625
3 0.41796875 0.55546875 0.0421875 0.05625
1 0.44609375 0.54296875 0.0140625 0.03515625
0 0.32890625 0.553125 0.0203125 0.04765625
1 0.29140625 0.546875 0.0296875 0.03125
0 0.38671875 0.553125 0.0203125 0.04375
1 0.44921875 0.52421875 0.0203125 0.01484375
1 0.4234375 0.51953125 0.021875 0.01484375
0 0.415625 0.51328125 0.025 0.01875
0 0.33359375 0.53203125 0.0359375 0.03125
0 0.29375 0.53046875 0.0375 0.03515625
3 0.34609375 0.50859375 0.0296875 0.04140625
0 0.3046875 0.50703125 0.025 0.01875
0 0.384375 0.52109375 0.03125 0.025
0 0.37421875 0.50234375 0.0234375 0.0125
0 0.409375 0.49765625 0.025 0.01640625
0 0.4140625 0.484375 0.01875 0.00625
3 0.37109375 0.48203125 0.0234375 0.02734375
2 0.39140625 0.45703125 0.0265625 0.04375
1 0.084375 0.49921875 0.03125 0.03984375
1 0.040625 0.50390625 0.025 0.04140625
0 0.1265625 0.48125 0.03125 0.02890625
1 0.1078125 0.48828125 0.01875 0.03125
0 0.20390625 0.44296875 0.0171875 0.01875
1 0.18828125 0.44609375 0.0140625 0.02109375
2 0.41640625 0.428125 0.0171875 0.02265625
2 0.39375 0.41015625 0.015625 0.03359375
3 0.34140625 0.48203125 0.0234375 0.02265625
0 0.34296875 0.46328125 0.0140625 0.01015625
0 0.34453125 0.45546875 0.0140625 0.00625
