3 0.10234375 0.52421875 0.2046875 0.1328125
0 0.0859375 0.4171875 0.171875 0.140625
0 0.2296875 0.5453125 0.109375 0.075
0 0.28125 0.6109375 0.115625 0.075
0 0.27421875 0.4671875 0.0859375 0.065625
0 0.33515625 0.52421875 0.071875 0.05
1 0.35390625 0.45703125 0.0328125 0.015625
0 0.4046875 0.540625 0.0578125 0.053125
0 0.3875 0.48359375 0.0578125 0.05625
3 0.3875 0.41484375 0.0609375 0.06875
0 0.24375 0.95703125 0.19375 0.0859375
1 0.34296875 0.9875 0.0453125 0.025
0 0.42578125 0.7171875 0.0625 0.05625
0 0.425 0.65703125 0.0578125 0.0578125
1 0.4390625 0.68046875 0.034375 0.021875
1 0.525 0.70625 0.034375 0.0234375
0 0.4109375 0.471875 0.05625 0.0671875
2 0.43984375 0.49296875 0.05625 0.05
0 0.425 0.4484375 0.040625 0.0515625
3 0.453125 0.56484375 0.05625 0.0625
0 0.48984375 0.55859375 0.03125 0.021875
0 0.490625 0.57578125 0.025 0.01875
