3 0.57265625 0.89453125 0.0890625 0.19375
0 0.68125 0.8890625 0.103125 0.165625
0 0.52109375 0.7734375 0.0515625 0.1
0 0.4453125 0.7390625 0.05 0.10546875
0 0.58671875 0.7109375 0.0484375 0.0765625
0 0.51640625 0.665625 0.0359375 0.065625
1 0.57734375 0.63125 0.0078125 0.03125
0 0.48359375 0.60234375 0.0421875 0.0484375
0 0.54296875 0.60546875 0.0453125 0.0484375
3 0.609375 0.58828125 0.059375 0.0484375
0 0.08671875 0.86640625 0.1140625 0.17109375
1 0.059375 0.771875 0.025 0.03984375
0 0.30703125 0.625 0.0453125 0.05390625
0 0.365625 0.6109375 0.046875 0.0484375
1 0.33984375 0.60234375 0.0140625 0.03125
1 0.29375 0.52578125 0.015625 0.03125
0 0.54921875 0.5796875 0.0578125 0.04296875
2 0.52109375 0.55703125 0.0390625 0.0484375
0 0.56796875 0.56015625 0.0453125 0.03125
3 0.4484375 0.5609375 0.053125 0.0453125
0 0.4453125 0.52421875 0.015625 0.028125
0 0.42890625 0.52734375 0.0140625 0.02265625
