1 0.6640625 0.64765625 0.028125 0.05390625
1 0.734375 0.59453125 0.034375 0.07265625
0 0.85 0.546875 0.08125 0.03984375
1 0.78125 0.59609375 0.046875 0.06640625
0 0.9859375 0.70078125 0.025 0.07734375
1 0.69921875 0.51796875 0.0296875 0.03984375
0 0.6734375 0.50546875 0.01875 0.03984375
1 0.6265625 0.50859375 0.01875 0.04140625
1 0.53828125 0.53671875 0.0265625 0.05234375
1 0.534375 0.48515625 0.01875 0.03359375
0 0.634375 0.46640625 0.04375 0.025
0 0.59453125 0.45390625 0.0203125 0.025
3 0.57421875 0.45 0.0203125 0.025
1 0.5390625 0.45 0.0125 0.02109375
0 0.58359375 0.53828125 0.0390625 0.04765625
1 0.084375 0.73828125 0.06875 0.11484375
1 0.25625 0.625 0.05 0.07890625
1 0.34609375 0.48515625 0.0171875 0.03359375
0 0.45625 0.48046875 0.025 0.03125
1 0.4 0.48203125 0.0125 0.02265625
3 0.43203125 0.43203125 0.0109375 0.02265625
