1 0.3703125 0.32109375 0.05625 0.0328125
1 0.43046875 0.25703125 0.075 0.0421875
0 0.48984375 0.146875 0.0484375 0.084375
1 0.43359375 0.21015625 0.0703125 0.053125
0 0.35078125 0.00625 0.0796875 0.0125
1 0.503125 0.3 0.04375 0.034375
0 0.5125 0.3265625 0.0421875 0.0234375
1 0.5046875 0.3734375 0.0421875 0.0234375
1 0.4671875 0.4578125 0.05625 0.03125
1 0.51796875 0.4671875 0.0359375 0.021875
0 0.54765625 0.36953125 0.0296875 0.046875
0 0.55546875 0.4109375 0.0265625 0.0234375
3 0.5578125 0.43125 0.0265625 0.0234375
1 0.55390625 0.46640625 0.0234375 0.0140625
0 0.4703125 0.4125 0.05 0.04375
1 0.21953125 0.88828125 0.121875 0.0796875
1 0.35 0.7296875 0.0828125 0.0578125
1 0.4984375 0.6546875 0.0359375 0.0203125
0 0.51484375 0.5453125 0.034375 0.028125
1 0.50703125 0.6015625 0.0234375 0.0140625
3 0.56015625 0.575 0.0234375 0.0125
