1 0.3328125 0.49375 0.04375 0.10625
1 0.2390625 0.45703125 0.075 0.1734375
1 0.184375 0.68671875 0.103125 0.259375
1 0.2234375 0.9203125 0.05 0.1203125
1 0.29375 0.925 0.05625 0.146875
0 0.10859375 0.9203125 0.1703125 0.159375
0 0.1984375 0.28359375 0.0734375 0.1234375
1 0.33515625 0.19140625 0.021875 0.0609375
3 0.2859375 0.1046875 0.040625 0.0828125
1 0.32890625 0.0796875 0.0171875 0.040625
1 0.39921875 0.11328125 0.025 0.071875
1 0.37578125 0.07109375 0.0171875 0.0671875
1 0.36015625 0.05703125 0.015625 0.0578125
1 0.35546875 0.01484375 0.0203125 0.0203125
0 0.5 0.2328125 0.046875 0.109375
