1 0.3328125 0.48828125 0.040625 0.1046875
1 0.240625 0.44765625 0.06875 0.17265625
1 0.178125 0.67578125 0.09375 0.25703125
1 0.20859375 0.91015625 0.0453125 0.11796875
1 0.27890625 0.9171875 0.0515625 0.1453125
0 0.09375 0.91015625 0.165625 0.15859375
0 0.20625 0.2734375 0.06875 0.121875
1 0.34609375 0.1859375 0.0203125 0.0609375
3 0.3 0.09765625 0.0375 0.08125
1 0.34375 0.07421875 0.015625 0.040625
1 0.4125 0.11015625 0.021875 0.07109375
1 0.390625 0.0671875 0.015625 0.0671875
1 0.37578125 0.05234375 0.0140625 0.0578125
1 0.37265625 0.01015625 0.0203125 0.0203125
0 0.509375 0.2328125 0.04375 0.1078125
