0 0.2046875 0.9453125 0.090625 0.0984375
3 0.3171875 0.93828125 0.071875 0.1125
0 0.41640625 0.971875 0.0671875 0.0453125
0 0.5546875 0.8890625 0.071875 0.10390625
3 0.22734375 0.8390625 0.0640625 0.12421875
1 0.49296875 0.9296875 0.0234375 0.0734375
1 0.16015625 0.9109375 0.0265625 0.06484375
3 0.3125 0.8421875 0.059375 0.1296875
0 0.60390625 0.8390625 0.0640625 0.08984375
0 0.1546875 0.78046875 0.103125 0.06796875
0 0.39453125 0.9125 0.0765625 0.1125
1 0.44140625 0.89140625 0.0265625 0.05390625
0 0.4703125 0.83125 0.05625 0.08984375
0 0.57734375 0.7875 0.0453125 0.0703125
2 0.50078125 0.7734375 0.0515625 0.0984375
3 0.33359375 0.76640625 0.0453125 0.10703125
1 0.26171875 0.775 0.0328125 0.084375
1 0.40703125 0.8296875 0.0390625 0.0875
3 0.38984375 0.79453125 0.0515625 0.1015625
0 0.44921875 0.77890625 0.0515625 0.059375
2 0.31484375 0.6984375 0.0515625 0.1296875
0 0.47421875 0.7296875 0.0296875 0.05078125
2 0.48125 0.6390625 0.065625 0.09609375
2 0.34296875 0.6171875 0.0484375 0.06796875
2 0.4375 0.6140625 0.025 0.06796875
2 0.4109375 0.5828125 0.025 0.05625
0 0.415625 0.6875 0.034375 0.03359375
