0 0.06015625 0.196875 0.1 0.0921875
3 0.06484375 0.309375 0.1140625 0.0734375
0 0.0296875 0.4078125 0.046875 0.0671875
0 0.11015625 0.54765625 0.1046875 0.0734375
3 0.165625 0.22109375 0.1265625 0.065625
1 0.0703125 0.48515625 0.0734375 0.025
1 0.0953125 0.153125 0.065625 0.028125
3 0.1609375 0.30625 0.13125 0.0609375
0 0.159375 0.59765625 0.0921875 0.065625
0 0.22578125 0.15 0.0703125 0.1046875
0 0.0890625 0.3875 0.1140625 0.078125
1 0.109375 0.434375 0.053125 0.028125
0 0.16953125 0.46484375 0.0921875 0.0578125
0 0.2109375 0.57265625 0.0703125 0.046875
2 0.2265625 0.49609375 0.1 0.053125
3 0.23671875 0.32890625 0.10625 0.046875
1 0.22890625 0.25703125 0.084375 0.034375
1 0.171875 0.4015625 0.0875 0.040625
3 0.2078125 0.384375 0.103125 0.053125
0 0.221875 0.44453125 0.0609375 0.053125
2 0.3046875 0.31171875 0.13125 0.053125
0 0.27109375 0.4703125 0.05 0.03125
2 0.3609375 0.47890625 0.0984375 0.0671875
2 0.3859375 0.340625 0.0703125 0.05
2 0.38671875 0.43515625 0.06875 0.0265625
2 0.41875 0.409375 0.05625 0.0265625
0 0.3140625 0.4125 0.034375 0.034375
