1 0.3125 0.6265625 0.2875 0.259375
0 0.86484375 0.65546875 0.25 0.2546875
0 0.71640625 0.59921875 0.37109375 0.1609375
0 0.521875 0.57421875 0.19765625 0.1171875
1 0.034375 0.65234375 0.06875 0.3046875
0 0.121875 0.5765625 0.12734375 0.121875
0 0.16015625 0.60546875 0.10859375 0.1609375
2 0.59765625 0.46484375 0.14609375 0.0890625
2 0.37734375 0.4640625 0.26640625 0.075
2 0.13125 0.4765625 0.12890625 0.04375
2 0.22734375 0.47578125 0.06640625 0.0453125
2 0.18515625 0.45390625 0.0875 0.0484375
0 0.7125 0.51328125 0.19609375 0.0546875
