1 0.3609375 0.678125 0.278125 0.3046875
0 0.3703125 0.12890625 0.271875 0.2578125
0 0.41640625 0.27734375 0.1859375 0.3828125
0 0.42734375 0.47265625 0.13125 0.2046875
1 0.315625 0.95390625 0.309375 0.0890625
0 0.396875 0.871875 0.13125 0.1359375
0 0.37109375 0.83203125 0.16875 0.1203125
2 0.5421875 0.4046875 0.0984375 0.153125
2 0.52734375 0.625 0.09375 0.2703125
2 0.49765625 0.86953125 0.053125 0.13125
2 0.50546875 0.7734375 0.05 0.06875
2 0.52421875 0.8171875 0.0546875 0.090625
0 0.5015625 0.28671875 0.06875 0.2
