0 0.496875 0.68125 0.85546875 0.446875
1 0.13046875 0.49609375 0.16640625 0.2171875
1 0.31796875 0.44453125 0.14140625 0.1140625
1 0.57890625 0.42421875 0.25859375 0.0859375
3 0.56953125 0.42421875 0.36640625 0.1390625
0 0.8734375 0.44921875 0.246875 0.1296875
0 0.92109375 0.51875 0.146875 0.165625
1 0.278125 0.41875 0.13359375 0.115625
1 0.1765625 0.38359375 0.075 0.0734375
1 0.059375 0.38203125 0.075 0.0640625
2 0.34609375 0.35390625 0.325 0.1546875
1 0.30546875 0.37734375 0.08359375 0.0453125
2 0.84140625 0.34765625 0.3109375 0.0703125
