0 0.3234375 0.53828125 0.628125 0.9234375
1 0.58671875 0.859375 0.2484375 0.2109375
1 0.5953125 0.66484375 0.1421875 0.1625
1 0.55625 0.40625 0.1421875 0.271875
3 0.5578125 0.41484375 0.2171875 0.3875
0 0.465625 0.1296875 0.18125 0.259375
0 0.38671875 0.09375 0.19375 0.1796875
1 0.62890625 0.69765625 0.1421875 0.15625
1 0.6859375 0.7890625 0.0890625 0.0890625
1 0.7140625 0.903125 0.0796875 0.0875
2 0.67734375 0.6171875 0.2234375 0.3515625
1 0.66328125 0.66171875 0.0625 0.0921875
2 0.57109375 0.14609375 0.1390625 0.2921875
