1 0.7375 0.55 0.396875 0.2875
1 0.37109375 0.44609375 0.09140625 0.0828125
2 0.6984375 0.40234375 0.38046875 0.1234375
2 0.2609375 0.39140625 0.08359375 0.0546875
2 0.28359375 0.371875 0.06640625 0.034375
0 0.47890625 0.41484375 0.05859375 0.0453125
1 0.3265625 0.40625 0.0359375 0.05
1 0.3640625 0.39453125 0.03359375 0.0203125
1 0.196875 0.38671875 0.021875 0.0140625
1 0.1734375 0.38828125 0.01953125 0.0203125
1 0.153125 0.3875 0.021875 0.0125
2 0.13203125 0.37109375 0.025 0.0109375
2 0.178125 0.371875 0.04453125 0.0125
1 0.384375 0.38203125 0.01953125 0.0078125
1 0.44296875 0.3828125 0.025 0.009375
1 0.415625 0.42734375 0.08046875 0.0796875
1 0.234375 0.409375 0.05859375 0.053125
0 0.45546875 0.39609375 0.03359375 0.0203125
1 0.490625 0.38828125 0.0359375 0.0109375
1 0.10390625 0.3875 0.03046875 0.0125
1 0.12890625 0.38828125 0.025 0.0109375
1 0.07109375 0.38359375 0.01953125 0.0078125
3 0.90546875 0.39921875 0.05 0.0453125
