1 0.25703125 0.50390625 0.44375 0.3578125
1 0.63671875 0.471875 0.1046875 0.0984375
2 0.32421875 0.36640625 0.3984375 0.19375
2 0.75546875 0.4390625 0.09375 0.0703125
2 0.73671875 0.415625 0.0703125 0.046875
0 0.53671875 0.4203125 0.0671875 0.05625
1 0.68828125 0.44140625 0.0453125 0.05625
1 0.65390625 0.42265625 0.0375 0.0265625
1 0.81953125 0.446875 0.0234375 0.01875
1 0.8421875 0.45234375 0.021875 0.0234375
1 0.86171875 0.45546875 0.0234375 0.0171875
2 0.8859375 0.44375 0.0265625 0.015625
2 0.840625 0.4359375 0.0453125 0.0203125
1 0.6359375 0.40625 0.0203125 0.0109375
1 0.578125 0.39609375 0.0265625 0.0140625
1 0.596875 0.44453125 0.0953125 0.09375
1 0.778125 0.46171875 0.06875 0.0640625
0 0.56328125 0.40625 0.0375 0.0265625
1 0.53046875 0.3921875 0.0375 0.0171875
1 0.91015625 0.46484375 0.0328125 0.01875
1 0.8859375 0.4609375 0.0265625 0.015625
1 0.94296875 0.4671875 0.0203125 0.0109375
3 0.12109375 0.3234375 0.0578125 0.0546875
