0 0.54609375 0.49609375 0.2703125 0.646875
1 0.49921875 0.12890625 0.178125 0.1703125
1 0.428125 0.31171875 0.128125 0.1703125
1 0.409375 0.66484375 0.09375 0.14375
0 0.4140625 0.46640625 0.0453125 0.1953125
2 0.38359375 0.24765625 0.1234375 0.4890625
0 0.4609375 0.0765625 0.121875 0.153125
2 0.35234375 0.846875 0.08125 0.2390625
2 0.34453125 0.70390625 0.04375 0.0765625
1 0.3875 0.57109375 0.059375 0.0453125
1 0.3625 0.6421875 0.0171875 0.034375
1 0.40390625 0.80078125 0.1 0.134375
1 0.3734375 0.96171875 0.059375 0.065625
1 0.67109375 0.94765625 0.4140625 0.1046875
1 0.37890625 0.5 0.034375 0.0328125
1 0.3609375 0.60625 0.015625 0.028125
