0 0.50546875 0.54609375 0.6390625 0.2484375
1 0.87109375 0.4859375 0.1640625 0.171875
1 0.6859375 0.421875 0.16640625 0.121875
1 0.33203125 0.41484375 0.14140625 0.0890625
0 0.53046875 0.41328125 0.19453125 0.0390625
2 0.7484375 0.375 0.4859375 0.10625
0 0.921875 0.44609375 0.15 0.1171875
2 0.1484375 0.36484375 0.2359375 0.0734375
2 0.290625 0.3515625 0.075 0.040625
1 0.425 0.38984375 0.04453125 0.0578125
1 0.353125 0.3671875 0.03359375 0.015625
1 0.19609375 0.41484375 0.13046875 0.0953125
1 0.034375 0.38984375 0.0640625 0.0578125
1 0.0515625 0.68671875 0.103125 0.4109375
1 0.49609375 0.37890625 0.03046875 0.0328125
1 0.3890625 0.36484375 0.028125 0.0140625
