3 0.50234375 0.015625 0.0671875 0.03125
3 0.50859375 0.04765625 0.053125 0.0484375
3 0.54453125 0.0453125 0.0578125 0.090625
1 0.47578125 0.11875 0.0953125 0.1171875
1 0.4890625 0.27109375 0.1 0.1125
3 0.5171875 0.2578125 0.0578125 0.1015625
1 0.52734375 0.1921875 0.028125 0.0265625
2 0.55 0.6015625 0.103125 0.23125
3 0.50703125 0.6984375 0.1046875 0.228125
0 0.55859375 0.8453125 0.0421875 0.1453125
0 0.5265625 0.7953125 0.05 0.0609375
1 0.4953125 0.90078125 0.10625 0.103125
1 0.47421875 0.9734375 0.1140625 0.0484375
1 0.54375 0.90234375 0.0375 0.0765625
