3 0.015625 0.4796875 0.03046875 0.065625
3 0.0484375 0.47578125 0.046875 0.0515625
3 0.04609375 0.43984375 0.09140625 0.0546875
1 0.11796875 0.5109375 0.1140625 0.090625
1 0.27109375 0.503125 0.10859375 0.096875
3 0.25859375 0.47421875 0.1 0.0546875
1 0.19296875 0.46171875 0.025 0.0265625
2 0.603125 0.45390625 0.228125 0.0953125
3 0.6984375 0.5 0.225 0.096875
0 0.846875 0.453125 0.14453125 0.0375
0 0.79609375 0.48359375 0.05859375 0.0484375
1 0.9 0.51875 0.1 0.103125
1 0.971875 0.5421875 0.04453125 0.1125
1 0.90390625 0.4703125 0.075 0.034375
