1 0.1375 0.44140625 0.0875 0.0875
3 0.3953125 0.43828125 0.165625 0.08125
1 0.5546875 0.44921875 0.05625 0.06015625
1 0.66796875 0.459375 0.0421875 0.05625
1 0.68515625 0.44609375 0.0328125 0.03359375
1 0.71640625 0.45546875 0.0390625 0.04375
1 0.76953125 0.46171875 0.0328125 0.04765625
1 0.753125 0.45703125 0.015625 0.03515625
1 0.89453125 0.46484375 0.0234375 0.03359375
3 0.91640625 0.459375 0.0234375 0.03515625
1 0.93046875 0.47109375 0.0140625 0.02890625
1 0.975 0.46640625 0.0125 0.01640625
