1 0.52734375 0.83671875 0.3671875 0.31484375
1 0.41953125 0.559375 0.0328125 0.06875
1 0.74375 0.59140625 0.121875 0.17109375
1 0.80859375 0.590625 0.0671875 0.04765625
1 0.56171875 0.57890625 0.0921875 0.12890625
1 0.48203125 0.55703125 0.0453125 0.06875
1 0.4359375 0.54765625 0.025 0.05390625
1 0.60078125 0.56796875 0.0265625 0.03515625
1 0.34140625 0.53046875 0.0109375 0.01875
1 0.35234375 0.53203125 0.0140625 0.02734375
1 0.3703125 0.53359375 0.009375 0.025
1 0.38515625 0.53671875 0.0171875 0.02734375
