0 0.778125 0.4625 0.165625 0.14453125
1 0.32578125 0.4328125 0.0453125 0.08046875
1 0.51640625 0.446875 0.0421875 0.09765625
2 0.3875 0.39140625 0.009375 0.0140625
2 0.41015625 0.38984375 0.0140625 0.02265625
2 0.43828125 0.38828125 0.0203125 0.01953125
2 0.45078125 0.39140625 0.0109375 0.01953125
2 0.4765625 0.40703125 0.0375 0.078125
3 0.51640625 0.42890625 0.0484375 0.0890625
0 0.5453125 0.425 0.015625 0.0640625
1 0.46171875 0.4234375 0.0203125 0.0609375
1 0.4015625 0.41328125 0.015625 0.01953125
1 0.428125 0.4125 0.015625 0.02265625
1 0.44609375 0.4359375 0.0140625 0.05859375
1 0.66171875 0.409375 0.0171875 0.028125
1 0.68828125 0.41484375 0.0171875 0.0390625
1 0.5921875 0.40390625 0.015625 0.02265625
