0 0.49140625 0.78046875 0.1609375 0.1796875
1 0.41484375 0.33359375 0.0859375 0.053125
1 0.44921875 0.521875 0.1 0.0515625
2 0.38046875 0.39921875 0.015625 0.0109375
2 0.38125 0.421875 0.0234375 0.015625
2 0.3828125 0.45 0.0203125 0.021875
2 0.38671875 0.4625 0.0203125 0.0125
2 0.40546875 0.48671875 0.08125 0.0453125
3 0.43125 0.5234375 0.09375 0.0578125
0 0.43046875 0.553125 0.065625 0.021875
1 0.41953125 0.4703125 0.0625 0.0265625
1 0.403125 0.4109375 0.0203125 0.0171875
1 0.40546875 0.4375 0.0234375 0.0171875
1 0.43046875 0.453125 0.0609375 0.0203125
1 0.4265625 0.6703125 0.0296875 0.0203125
1 0.43515625 0.69609375 0.040625 0.021875
1 0.4140625 0.6015625 0.0234375 0.0171875
