2 0.4234375 0.803125 0.625 0.39375
1 0.4515625 0.3390625 0.0953125 0.046875
1 0.4546875 0.44453125 0.0859375 0.0296875
2 0.4109375 0.4609375 0.021875 0.01875
2 0.40859375 0.42890625 0.01875 0.0109375
0 0.4328125 0.5 0.040625 0.021875
0 0.4375 0.54921875 0.0328125 0.0265625
2 0.40859375 0.55390625 0.0234375 0.0390625
0 0.43828125 0.56875 0.0328125 0.025
0 0.43046875 0.61171875 0.0234375 0.025
1 0.44375 0.521875 0.0625 0.0375
2 0.4078125 0.40859375 0.0140625 0.0109375
3 0.41953125 0.48125 0.021875 0.01875
1 0.43828125 0.4609375 0.04375 0.015625
