2 0.80546875 0.4125 0.3828125 0.6125
1 0.3375 0.45703125 0.04375 0.09453125
1 0.44296875 0.45703125 0.0265625 0.08359375
2 0.4578125 0.4125 0.01875 0.02265625
2 0.42578125 0.4109375 0.0109375 0.01953125
0 0.49765625 0.4328125 0.0203125 0.04140625
0 0.546875 0.4359375 0.025 0.03046875
2 0.55078125 0.40703125 0.0390625 0.02265625
0 0.56640625 0.4359375 0.0234375 0.03046875
0 0.609375 0.4265625 0.025 0.02265625
1 0.51953125 0.44296875 0.0359375 0.0609375
2 0.40546875 0.4109375 0.0109375 0.0140625
3 0.478125 0.4203125 0.01875 0.02265625
1 0.45859375 0.43984375 0.0140625 0.04453125
