2 0.59921875 0.4203125 0.1328125 0.1890625
1 0.76640625 0.4984375 0.0453125 0.1171875
1 0.465625 0.4765625 0.0375 0.1171875
1 0.43203125 0.43203125 0.0171875 0.028125
1 0.48125 0.4453125 0.0125 0.0609375
0 0.7171875 0.4453125 0.0625 0.05
0 0.50390625 0.46796875 0.0265625 0.0390625
1 0.53125 0.4375 0.0125 0.05
2 0.43984375 0.4078125 0.0109375 0.01953125
2 0.44921875 0.4109375 0.0109375 0.0140625
2 0.46484375 0.409375 0.0203125 0.01640625
1 0.96796875 0.490625 0.0515625 0.09453125
1 0.36015625 0.45390625 0.0484375 0.09453125
2 0.41796875 0.40703125 0.0109375 0.0109375
