2 0.42578125 0.396875 0.1953125 0.1421875
1 0.5125 0.23359375 0.11875 0.0515625
1 0.475 0.5328125 0.11875 0.04375
1 0.42890625 0.5640625 0.0296875 0.01875
1 0.44453125 0.515625 0.0609375 0.015625
0 0.45703125 0.28046875 0.053125 0.065625
0 0.46796875 0.49453125 0.040625 0.028125
1 0.4390625 0.465625 0.05 0.015625
2 0.4046875 0.55546875 0.01875 0.0125
2 0.40859375 0.54609375 0.0140625 0.0109375
2 0.4078125 0.53046875 0.0171875 0.021875
1 0.51484375 0.03203125 0.096875 0.05625
1 0.446875 0.6375 0.096875 0.053125
2 0.403125 0.57734375 0.0109375 0.0109375
