1 0.4265625 0.6359375 0.3890625 0.1828125
2 0.6265625 0.74453125 0.3390625 0.328125
2 0.58203125 0.49296875 0.1078125 0.075
1 0.60390625 0.96953125 0.0984375 0.0484375
1 0.51328125 0.34296875 0.1 0.0609375
1 0.52109375 0.4671875 0.1171875 0.0578125
1 0.53671875 0.45 0.084375 0.040625
1 0.5515625 0.515625 0.0640625 0.03125
1 0.56875 0.53125 0.0453125 0.021875
2 0.5734375 0.40234375 0.015625 0.0125
2 0.575 0.425 0.0203125 0.015625
2 0.57265625 0.4109375 0.015625 0.0109375
1 0.578125 0.553125 0.0296875 0.0171875
1 0.5859375 0.56953125 0.0265625 0.01875
1 0.55078125 0.409375 0.03125 0.025
3 0.56875 0.39140625 0.0109375 0.0140625
