1 0.62109375 0.59609375 0.1203125 0.3734375
2 0.7625 0.41796875 0.28125 0.2953125
2 0.50703125 0.41796875 0.0578125 0.1
1 0.98046875 0.47890625 0.0328125 0.09453125
1 0.34765625 0.459375 0.0453125 0.09453125
1 0.47109375 0.4734375 0.0390625 0.11171875
1 0.45703125 0.45546875 0.0265625 0.08046875
1 0.52421875 0.4515625 0.0203125 0.0609375
1 0.54296875 0.4375 0.0140625 0.04453125
2 0.41640625 0.4109375 0.0109375 0.0140625
2 0.4390625 0.41328125 0.0125 0.01953125
2 0.425 0.41328125 0.009375 0.0140625
1 0.565625 0.43203125 0.0125 0.028125
1 0.58359375 0.42734375 0.0140625 0.025
1 0.41953125 0.434375 0.0203125 0.028125
3 0.4046875 0.41328125 0.0125 0.00859375
