1 0.3 0.5234375 0.078125 0.1953125
1 0.57109375 0.5546875 0.1671875 0.22265625
0 0.38125 0.5125 0.084375 0.12265625
1 0.440625 0.45 0.015625 0.04765625
1 0.2015625 0.48203125 0.028125 0.11171875
1 0.9796875 0.565625 0.0375 0.13359375
1 0.940625 0.53515625 0.034375 0.11171875
1 0.85390625 0.53515625 0.0640625 0.1390625
1 0.740625 0.50390625 0.046875 0.09453125
1 0.41171875 0.434375 0.0109375 0.0390625
1 0.37265625 0.43984375 0.0265625 0.04453125
1 0.39921875 0.44296875 0.0171875 0.0609375
1 0.3140625 0.4265625 0.03125 0.028125
1 0.03203125 0.6890625 0.0640625 0.16953125
