1 0.70078125 0.51640625 0.084375 0.1984375
1 0.43046875 0.55703125 0.175 0.228125
0 0.61875 0.50859375 0.0890625 0.125
1 0.5578125 0.44765625 0.0171875 0.046875
1 0.79765625 0.471875 0.0328125 0.1140625
1 0.02265625 0.58203125 0.0421875 0.1359375
1 0.0609375 0.55078125 0.0375 0.1140625
1 0.14765625 0.54765625 0.06875 0.140625
1 0.259375 0.5125 0.05 0.0953125
1 0.5859375 0.43125 0.0125 0.0390625
1 0.625 0.43515625 0.028125 0.0453125
1 0.5984375 0.43984375 0.01875 0.0609375
1 0.68359375 0.4203125 0.0328125 0.0296875
1 0.96953125 0.67265625 0.0609375 0.1703125
