0 0.19375 0.45390625 0.10625 0.14453125
0 0.48671875 0.52109375 0.1296875 0.1953125
0 0.85546875 0.75625 0.2859375 0.3703125
1 0.92265625 0.490625 0.1484375 0.1953125
2 0.82421875 0.40546875 0.3484375 0.18671875
0 0.4890625 0.4484375 0.1375 0.1
1 0.38828125 0.4734375 0.0859375 0.178125
1 0.321875 0.4515625 0.06875 0.15625
1 0.0578125 0.69609375 0.115625 0.590625
1 0.01484375 0.38046875 0.0296875 0.08046875
1 0.08828125 0.3875 0.0328125 0.078125
1 0.25 0.40703125 0.059375 0.1
1 0.6046875 0.43046875 0.075 0.103125
1 0.53359375 0.41484375 0.0484375 0.0890625
1 0.475 0.38828125 0.0375 0.03046875
2 0.32890625 0.346875 0.1265625 0.05859375
2 0.2328125 0.3484375 0.05 0.0609375
2 0.04921875 0.34296875 0.0640625 0.04453125
2 0.109375 0.3484375 0.053125 0.05546875
2 0.17265625 0.35625 0.0703125 0.078125
2 0.39765625 0.35625 0.0140625 0.0609375
1 0.67421875 0.56015625 0.0859375 0.27265625
