0 0.190625 0.496875 0.125 0.1578125
0 0.48984375 0.52265625 0.15625 0.2109375
0 0.86015625 0.703125 0.2796875 0.40625
1 0.91484375 0.43203125 0.1703125 0.2140625
2 0.8078125 0.3609375 0.371875 0.234375
0 0.48203125 0.45078125 0.15 0.11875
1 0.3859375 0.4890625 0.109375 0.1890625
1 0.3171875 0.4765625 0.0890625 0.1640625
1 0.09375 0.72734375 0.1875 0.5453125
1 0.01171875 0.4484375 0.0234375 0.084375
1 0.0765625 0.44609375 0.04375 0.08125
1 0.23984375 0.44296875 0.0734375 0.1078125
1 0.59375 0.41640625 0.0890625 0.1125
1 0.52109375 0.4109375 0.0609375 0.0953125
1 0.459375 0.39296875 0.0421875 0.0359375
2 0.309375 0.371875 0.134375 0.0765625
2 0.2140625 0.38671875 0.0578125 0.0671875
2 0.0328125 0.40703125 0.065625 0.0515625
2 0.0921875 0.40390625 0.0609375 0.0625
2 0.15546875 0.403125 0.08125 0.0875
2 0.37890625 0.371875 0.021875 0.0625
1 0.68125 0.53515625 0.1234375 0.28125
