1 0.28046875 0.8578125 0.0984375 0.2484375
1 0.23984375 0.61015625 0.0625 0.1734375
1 0.228125 0.79375 0.0703125 0.21875
1 0.165625 0.53203125 0.109375 0.15
1 0.228125 0.47109375 0.071875 0.1484375
1 0.68828125 0.909375 0.1453125 0.18125
1 0.80703125 0.78046875 0.1109375 0.184375
1 0.5875 0.62890625 0.084375 0.1640625
1 0.525 0.6453125 0.0875 0.1578125
1 0.36015625 0.5578125 0.0546875 0.09375
1 0.29609375 0.5546875 0.0640625 0.14375
1 0.07265625 0.5046875 0.0578125 0.1046875
1 0.31875 0.4890625 0.0546875 0.121875
1 0.40546875 0.7671875 0.1109375 0.196875
3 0.125 0.38828125 0.1515625 0.153125
0 0.3890625 0.69765625 0.196875 0.203125
1 0.5375 0.82109375 0.153125 0.253125
0 0.675 0.834375 0.271875 0.2796875
0 0.5203125 0.45546875 0.1390625 0.1171875
0 0.5765625 0.5609375 0.15625 0.165625
3 0.6609375 0.515625 0.1640625 0.1875
0 0.40625 0.5015625 0.1515625 0.128125
0 0.41640625 0.43828125 0.1625 0.1484375
3 0.35 0.37421875 0.121875 0.1328125
0 0.24921875 0.4046875 0.146875 0.1625
3 0.909375 0.52734375 0.1453125 0.1875
0 0.84140625 0.4484375 0.090625 0.0875
0 0.85 0.36171875 0.0671875 0.0890625
0 0.91796875 0.4140625 0.0625 0.0875
0 0.80546875 0.39609375 0.0671875 0.096875
1 0.69609375 0.69453125 0.1265625 0.2234375
1 0.8328125 0.2984375 0.040625 0.065625
1 0.85625 0.3015625 0.0375 0.0734375
0 0.7375 0.3296875 0.046875 0.05625
