1 0.69375 0.871875 0.08125 0.24453125
1 0.7515625 0.628125 0.05 0.1703125
1 0.75078125 0.81171875 0.0546875 0.21484375
1 0.83125 0.55546875 0.1 0.14296875
1 0.7734375 0.48984375 0.0625 0.14296875
1 0.28203125 0.9015625 0.1328125 0.18515625
1 0.17421875 0.75859375 0.0984375 0.17890625
1 0.40390625 0.62265625 0.0734375 0.15859375
1 0.46484375 0.64296875 0.0765625 0.15234375
1 0.63515625 0.5671875 0.0484375 0.08984375
1 0.69921875 0.56875 0.0546875 0.140625
1 0.92578125 0.534375 0.0515625 0.1015625
1 0.68125 0.5015625 0.046875 0.11953125
1 0.57578125 0.7734375 0.0984375 0.19140625
3 0.88203125 0.41484375 0.1421875 0.14296875
0 0.596875 0.7046875 0.184375 0.19140625
1 0.43984375 0.81796875 0.1359375 0.24453125
0 0.30234375 0.82109375 0.2546875 0.2625
0 0.4828125 0.45390625 0.13125 0.1078125
0 0.41953125 0.55546875 0.1453125 0.15546875
3 0.33828125 0.5046875 0.1515625 0.17890625
0 0.59375 0.5078125 0.14375 0.11953125
0 0.5875 0.44453125 0.153125 0.1375
3 0.65859375 0.38515625 0.1140625 0.125
0 0.75703125 0.42265625 0.1359375 0.15234375
3 0.08984375 0.4984375 0.1328125 0.17890625
0 0.16328125 0.425 0.0859375 0.08046875
0 0.16015625 0.3375 0.0609375 0.08359375
0 0.0890625 0.38515625 0.05625 0.08359375
0 0.20234375 0.375 0.0609375 0.0921875
1 0.290625 0.68046875 0.1125 0.21484375
1 0.18203125 0.27578125 0.0359375 0.0625
1 0.15859375 0.27734375 0.0328125 0.071875
0 0.275 0.31328125 0.04375 0.05390625
