1 0.68671875 0.30546875 0.1171875 0.26953125
1 0.8 0.11796875 0.1 0.20390625
1 0.91875 0.8546875 0.159375 0.28125
1 0.7046875 0.875 0.165625 0.24140625
1 0.65390625 0.775 0.1484375 0.3375
3 0.65859375 0.62890625 0.1578125 0.13359375
1 0.3140625 0.35234375 0.11875 0.17578125
1 0.3140625 0.43125 0.11875 0.1875
1 0.3171875 0.56171875 0.128125 0.253125
1 0.2890625 0.68359375 0.175 0.2765625
1 0.29609375 0.7671875 0.1484375 0.25546875
1 0.275 0.87734375 0.16875 0.15703125
1 0.09140625 0.73046875 0.1453125 0.2625
1 0.17265625 0.55703125 0.1015625 0.2390625
1 0.109375 0.67578125 0.140625 0.31171875
1 0.26171875 0.20625 0.0734375 0.1734375
1 0.328125 0.31640625 0.09375 0.1921875
1 0.2 0.28359375 0.1 0.2296875
1 0.25859375 0.19453125 0.0765625 0.178125
1 0.48359375 0.1125 0.0859375 0.1828125
1 0.5109375 0.15234375 0.0625 0.140625
1 0.5875 0.4125 0.09375 0.225
1 0.8046875 0.496875 0.11875 0.2296875
1 0.8234375 0.625 0.1375 0.2484375
1 0.90625 0.55703125 0.04375 0.2671875
1 0.45859375 0.36171875 0.1015625 0.15703125
1 0.41796875 0.28203125 0.0859375 0.19921875
1 0.29296875 0.0703125 0.0703125 0.140625
3 0.64375 0.1640625 0.16875 0.2390625
1 0.47890625 0.846875 0.1703125 0.25546875
1 0.46796875 0.671875 0.1515625 0.1921875
1 0.478125 0.578125 0.1375 0.1640625
1 0.771875 0.359375 0.1125 0.19453125
