1 0.70390625 0.6765625 0.275 0.13125
1 0.89609375 0.77890625 0.2078125 0.1109375
1 0.16796875 0.925 0.2890625 0.15
1 0.1359375 0.72421875 0.2484375 0.178125
1 0.23359375 0.66796875 0.3453125 0.165625
3 0.3796875 0.66484375 0.1421875 0.1640625
1 0.6375 0.30625 0.18125 0.128125
1 0.55859375 0.3109375 0.19375 0.128125
1 0.42890625 0.3203125 0.259375 0.140625
1 0.30546875 0.29921875 0.2859375 0.1890625
1 0.22265625 0.31015625 0.2640625 0.1609375
1 0.11171875 0.2953125 0.165625 0.1765625
1 0.2484375 0.10390625 0.2703125 0.159375
1 0.42578125 0.17578125 0.24375 0.1140625
1 0.30390625 0.11875 0.31875 0.15625
1 0.78125 0.246875 0.1765625 0.0828125
1 0.67421875 0.31875 0.196875 0.103125
1 0.70078125 0.1890625 0.234375 0.1125
1 0.7921875 0.24296875 0.18125 0.0859375
1 0.8859375 0.46328125 0.1875 0.0953125
1 0.84765625 0.49296875 0.14375 0.0703125
1 0.5921875 0.5828125 0.2296875 0.1046875
1 0.51875 0.80390625 0.2359375 0.13125
1 0.3921875 0.8296875 0.2546875 0.15
1 0.4640625 0.90859375 0.26875 0.0578125
1 0.6359375 0.4515625 0.1609375 0.109375
1 0.71328125 0.40703125 0.2046875 0.096875
1 0.91796875 0.27109375 0.14375 0.078125
3 0.84296875 0.62578125 0.246875 0.18125
1 0.15234375 0.496875 0.2640625 0.1828125
1 0.3265625 0.47734375 0.2 0.1609375
1 0.42109375 0.48203125 0.1703125 0.1453125
1 0.6546875 0.7640625 0.2 0.121875
