1 0.9203125 0.8875 0.103125 0.21953125
1 0.9390625 0.7265625 0.075 0.16953125
1 0.9796875 0.65 0.0375 0.15546875
1 0.9625 0.5984375 0.053125 0.09140625
0 0.6734375 0.9109375 0.134375 0.171875
3 0.540625 0.83203125 0.128125 0.303125
2 0.73984375 0.690625 0.1453125 0.296875
2 0.878125 0.52109375 0.128125 0.275
3 0.6546875 0.60546875 0.08125 0.18359375
2 0.053125 0.703125 0.10625 0.38359375
2 0.971875 0.4609375 0.053125 0.178125
0 0.1546875 0.8625 0.1125 0.175
0 0.2390625 0.7984375 0.103125 0.15859375
0 0.33046875 0.7015625 0.0984375 0.1640625
0 0.278125 0.5875 0.0875 0.11953125
3 0.371875 0.628125 0.078125 0.171875
1 0.2890625 0.471875 0.046875 0.11640625
2 0.215625 0.503125 0.10625 0.24453125
2 0.4515625 0.5375 0.1 0.23046875
0 0.3734375 0.50390625 0.0625 0.0859375
0 0.578125 0.45546875 0.0625 0.1
2 0.4640625 0.321875 0.10625 0.1390625
2 0.4328125 0.35703125 0.075 0.125
2 0.35546875 0.44296875 0.0890625 0.175
2 0.72734375 0.4375 0.1078125 0.1640625
2 0.69296875 0.5109375 0.0859375 0.09453125
