1 0.92421875 0.16875 0.1515625 0.146875
1 0.81328125 0.11796875 0.18125 0.1078125
1 0.74609375 0.06171875 0.1609375 0.06875
1 0.6921875 0.06796875 0.1 0.0703125
0 0.9203125 0.41484375 0.159375 0.1671875
3 0.83359375 0.52890625 0.3234375 0.1890625
2 0.7359375 0.3046875 0.3203125 0.203125
2 0.59921875 0.134375 0.2953125 0.1828125
3 0.63515625 0.3703125 0.196875 0.1171875
2 0.60546875 0.94375 0.3984375 0.1125
2 0.56015625 0.0375 0.1859375 0.075
0 0.7828125 0.91328125 0.1953125 0.146875
0 0.7375 0.8171875 0.1765625 0.134375
0 0.66171875 0.7078125 0.18125 0.1296875
0 0.53984375 0.73515625 0.134375 0.1109375
3 0.5984375 0.65234375 0.184375 0.1125
1 0.42890625 0.70078125 0.1234375 0.0703125
2 0.44375 0.77890625 0.2609375 0.1546875
2 0.5265625 0.55546875 0.246875 0.1453125
0 0.47734375 0.62421875 0.096875 0.0796875
0 0.47265625 0.4140625 0.1109375 0.08125
2 0.31796875 0.4984375 0.1578125 0.1328125
2 0.34609375 0.5359375 0.1375 0.1
2 0.4140625 0.6296875 0.1890625 0.1234375
2 0.4859375 0.26484375 0.1828125 0.1390625
2 0.55078125 0.31328125 0.109375 0.103125
