1 0.278125 0.89765625 0.23046875 0.1953125
1 0.13984375 0.75703125 0.23984375 0.2296875
1 0.53203125 0.7703125 0.1890625 0.140625
1 0.07578125 0.64375 0.1515625 0.128125
1 0.73828125 0.9 0.14921875 0.190625
1 0.91953125 0.82421875 0.1296875 0.1984375
1 0.3765625 0.58828125 0.0765625 0.1140625
1 0.46171875 0.6109375 0.08359375 0.11875
1 0.55078125 0.5390625 0.0765625 0.090625
1 0.453125 0.51875 0.065625 0.075
1 0.4 0.4625 0.0484375 0.065625
1 0.35859375 0.3890625 0.06171875 0.078125
1 0.48046875 0.228125 0.02421875 0.034375
1 0.46484375 0.2140625 0.02890625 0.03125
1 0.4296875 0.259375 0.0375 0.0375
1 0.3859375 0.27578125 0.02890625 0.0359375
1 0.653125 0.26015625 0.03046875 0.0421875
1 0.51015625 0.17578125 0.021875 0.0171875
1 0.59765625 0.1796875 0.021875 0.021875
1 0.58671875 0.10859375 0.01328125 0.0078125
1 0.58125 0.1546875 0.0109375 0.01875
1 0.4765625 0.13671875 0.01328125 0.0171875
0 0.8625 0.58046875 0.265625 0.2109375
0 0.23203125 0.4859375 0.2046875 0.140625
1 0.66015625 0.446875 0.125 0.128125
1 0.684375 0.5546875 0.11171875 0.08125
1 0.525 0.43515625 0.11015625 0.1078125
2 0.9328125 0.434375 0.125 0.20625
0 0.5078125 0.3734375 0.1453125 0.09375
1 0.6703125 0.37265625 0.11875 0.1015625
1 0.721875 0.33359375 0.07265625 0.0921875
3 0.8546875 0.33671875 0.11875 0.1140625
0 0.76015625 0.284375 0.1140625 0.053125
1 0.68203125 0.29140625 0.0640625 0.0515625
1 0.6140625 0.30390625 0.08125 0.0765625
1 0.38828125 0.33828125 0.07265625 0.0734375
1 0.31328125 0.30625 0.0640625 0.084375
3 0.475 0.2875 0.10078125 0.08125
0 0.359375 0.23984375 0.11171875 0.0515625
3 0.59140625 0.25234375 0.10546875 0.0671875
1 0.4109375 0.2015625 0.03984375 0.05
1 0.42734375 0.18984375 0.02890625 0.0453125
1 0.51171875 0.20625 0.03984375 0.05
1 0.47890625 0.1796875 0.0265625 0.021875
1 0.43984375 0.1578125 0.03046875 0.01875
1 0.4546875 0.14140625 0.021875 0.0140625
2 0.69921875 0.1890625 0.1671875 0.125
1 0.55859375 0.16328125 0.03046875 0.0234375
1 0.56796875 0.14921875 0.015625 0.0078125
0 0.6140625 0.15703125 0.02890625 0.0296875
0 0.60234375 0.140625 0.03515625 0.021875
1 0.61171875 0.12265625 0.01953125 0.0171875
1 0.56953125 0.1265625 0.0265625 0.01875
0 0.59375 0.121875 0.021875 0.01875
2 0.51640625 0.125 0.053125 0.053125
0 0.51015625 0.1703125 0.04375 0.028125
0 0.52421875 0.15390625 0.04140625 0.0265625
1 0.40234375 0.146875 0.01796875 0.009375
1 0.45859375 0.13125 0.01953125 0.009375
1 0.46171875 0.11640625 0.01796875 0.0140625
1 0.4890625 0.11640625 0.015625 0.0140625
1 0.4765625 0.1125 0.01328125 0.009375
1 0.465625 0.10390625 0.01328125 0.0078125
1 0.45390625 0.1078125 0.015625 0.009375
2 0.4453125 0.103125 0.02421875 0.015625
1 0.4234375 0.1171875 0.015625 0.009375
1 0.425 0.09765625 0.015625 0.0109375
1 0.41796875 0.109375 0.01328125 0.00625
1 0.45390625 0.090625 0.0109375 0.00625
1 0.4375 0.0890625 0.01328125 0.009375
0 0.56484375 0.1140625 0.0265625 0.009375
0 0.56484375 0.10625 0.0265625 0.00625
0 0.5890625 0.10234375 0.021875 0.0140625
0 0.5484375 0.12265625 0.0109375 0.0203125
0 0.57890625 0.09609375 0.01953125 0.0078125
0 0.56796875 0.0921875 0.015625 0.009375
2 0.50546875 0.09375 0.03984375 0.01875
3 0.5375 0.09765625 0.02421875 0.0234375
2 0.546875 0.090625 0.03046875 0.021875
2 0.5359375 0.078125 0.03515625 0.009375
2 0.51171875 0.07578125 0.0265625 0.0109375
2 0.48984375 0.07109375 0.021875 0.0140625
2 0.47890625 0.06328125 0.021875 0.0078125
2 0.49921875 0.06015625 0.01328125 0.0078125
2 0.5625 0.078125 0.01796875 0.0125
