1 0.3421875 0.90625 0.259375 0.1875
1 0.184375 0.81015625 0.2734375 0.2640625
1 0.57421875 0.76171875 0.209375 0.16875
1 0.103125 0.70859375 0.1703125 0.15
1 0.79765625 0.8578125 0.178125 0.2125
1 0.9421875 0.7546875 0.115625 0.215625
1 0.3921875 0.60625 0.09375 0.125
1 0.4796875 0.615625 0.1015625 0.13125
1 0.55625 0.53046875 0.0890625 0.1015625
1 0.45625 0.52578125 0.0765625 0.084375
1 0.3953125 0.47890625 0.0578125 0.071875
1 0.34296875 0.4125 0.0734375 0.0875
1 0.43828125 0.234375 0.0296875 0.0375
1 0.4203125 0.2234375 0.0328125 0.0359375
1 0.39296875 0.2734375 0.0421875 0.0421875
1 0.35234375 0.29609375 0.0328125 0.040625
1 0.6140625 0.2390625 0.0375 0.046875
1 0.459375 0.178125 0.025 0.0203125
1 0.54609375 0.16796875 0.025 0.025
1 0.52421875 0.1 0.0140625 0.009375
1 0.5265625 0.14609375 0.0140625 0.0203125
1 0.4203125 0.14453125 0.015625 0.01875
0 0.8609375 0.521875 0.278125 0.25
0 0.2328125 0.528125 0.2234375 0.1703125
1 0.65 0.42265625 0.14375 0.146875
1 0.690625 0.525 0.1234375 0.0984375
1 0.51484375 0.43203125 0.125 0.1234375
2 0.9171875 0.3671875 0.15625 0.2234375
0 0.48828125 0.3734375 0.1578125 0.115625
1 0.6484375 0.34765625 0.1328125 0.11875
1 0.69296875 0.30078125 0.0859375 0.1015625
3 0.825 0.28359375 0.134375 0.13125
0 0.7234375 0.24609375 0.1203125 0.0703125
1 0.646875 0.265625 0.071875 0.0609375
1 0.58203125 0.28828125 0.0921875 0.0890625
1 0.3640625 0.3578125 0.0828125 0.084375
1 0.28515625 0.3375 0.0765625 0.09375
3 0.4421875 0.29375 0.1109375 0.0953125
0 0.3203125 0.26484375 0.11875 0.06875
3 0.5515625 0.24140625 0.115625 0.0828125
1 0.365625 0.21953125 0.0484375 0.05625
1 0.3796875 0.2046875 0.034375 0.0484375
1 0.465625 0.2078125 0.0484375 0.05625
1 0.42890625 0.18671875 0.0296875 0.025
1 0.38671875 0.17109375 0.034375 0.0234375
1 0.39921875 0.153125 0.0234375 0.0171875
2 0.6484375 0.16171875 0.184375 0.15
1 0.50546875 0.15859375 0.034375 0.028125
1 0.5125 0.14296875 0.0171875 0.0109375
0 0.559375 0.14375 0.0328125 0.034375
0 0.54453125 0.12890625 0.0375 0.0265625
1 0.5515625 0.11015625 0.021875 0.0203125
1 0.51015625 0.1203125 0.0296875 0.0234375
0 0.53359375 0.11171875 0.025 0.021875
2 0.4578125 0.12734375 0.0609375 0.0609375
0 0.45859375 0.17265625 0.046875 0.034375
0 0.46953125 0.1546875 0.04375 0.0328125
1 0.3484375 0.16640625 0.0203125 0.0125
1 0.4015625 0.1421875 0.0203125 0.0125
1 0.40234375 0.12734375 0.0203125 0.0171875
1 0.42890625 0.12265625 0.0171875 0.015625
1 0.41640625 0.12109375 0.0140625 0.0109375
1 0.40390625 0.1140625 0.0140625 0.009375
1 0.39296875 0.11953125 0.0171875 0.0109375
2 0.38359375 0.11640625 0.0265625 0.01875
1 0.36484375 0.13359375 0.0171875 0.0109375
1 0.36328125 0.1140625 0.0171875 0.0125
1 0.3578125 0.12734375 0.0140625 0.0078125
1 0.390625 0.103125 0.0125 0.0078125
1 0.37421875 0.10390625 0.0140625 0.0109375
0 0.50390625 0.10859375 0.028125 0.0140625
0 0.50234375 0.10078125 0.0265625 0.0109375
0 0.52578125 0.09296875 0.0234375 0.0171875
0 0.4890625 0.11953125 0.0140625 0.021875
0 0.51484375 0.0890625 0.0203125 0.0109375
0 0.503125 0.08671875 0.0171875 0.0109375
2 0.4421875 0.09765625 0.04375 0.025
3 0.47421875 0.096875 0.028125 0.0265625
2 0.48203125 0.08828125 0.034375 0.0265625
2 0.46953125 0.07734375 0.0359375 0.0140625
2 0.4453125 0.07890625 0.028125 0.015625
2 0.42265625 0.078125 0.0234375 0.0171875
2 0.4109375 0.071875 0.0234375 0.0109375
2 0.43046875 0.065625 0.0140625 0.009375
2 0.49609375 0.0734375 0.0203125 0.015625
