2 0.51484375 0.42421875 0.153125 0.190625
2 0.6296875 0.47265625 0.0484375 0.1265625
2 0.73046875 0.5375 0.0640625 0.11875
2 0.52421875 0.62265625 0.090625 0.140625
2 0.2796875 0.20234375 0.1265625 0.2453125
2 0.34375 0.56953125 0.0921875 0.23125
2 0.14453125 0.428125 0.2703125 0.09375
2 0.13203125 0.196875 0.2421875 0.39375
1 0.50859375 0.2953125 0.0515625 0.0515625
1 0.453125 0.31875 0.0765625 0.0296875
2 0.09921875 0.63984375 0.1984375 0.3953125
1 0.43203125 0.57421875 0.090625 0.059375
2 0.615625 0.66953125 0.046875 0.1296875
2 0.66640625 0.61171875 0.046875 0.140625
2 0.63828125 0.575 0.0890625 0.0546875
2 0.70703125 0.8328125 0.05625 0.0921875
2 0.64453125 0.821875 0.078125 0.1140625
0 0.29765625 0.7828125 0.06875 0.1515625
3 0.36796875 0.38671875 0.1359375 0.1046875
2 0.45 0.69765625 0.046875 0.075
3 0.38828125 0.69921875 0.059375 0.125
0 0.3828125 0.76328125 0.0921875 0.1140625
0 0.415625 0.834375 0.0875 0.121875
0 0.22578125 0.81171875 0.0890625 0.125
0 0.11953125 0.8546875 0.134375 0.1296875
0 0.02265625 0.890625 0.0453125 0.115625
0 0.56953125 0.7703125 0.05625 0.0578125
0 0.57109375 0.25234375 0.0703125 0.075
3 0.1765625 0.93828125 0.196875 0.075
0 0.3328125 0.93359375 0.1390625 0.10625
3 0.42578125 0.94765625 0.0703125 0.09375
0 0.47421875 0.82421875 0.0734375 0.10625
0 0.4921875 0.7578125 0.0734375 0.0390625
3 0.48828125 0.96328125 0.0671875 0.0734375
3 0.509375 0.9546875 0.1 0.090625
3 0.59609375 0.91796875 0.06875 0.071875
0 0.62421875 0.7390625 0.0515625 0.0578125
2 0.596875 0.9765625 0.0890625 0.04375
3 0.66171875 0.7296875 0.0375 0.053125
2 0.7046875 0.9234375 0.040625 0.08125
3 0.67265625 0.93046875 0.0328125 0.0578125
0 0.64453125 0.94609375 0.0265625 0.0421875
3 0.65390625 0.98203125 0.0390625 0.0359375
2 0.796875 0.634375 0.0359375 0.053125
2 0.7515625 0.59375 0.0359375 0.0625
2 0.753125 0.63046875 0.0546875 0.0796875
2 0.73984375 0.69609375 0.059375 0.0703125
2 0.690625 0.6546875 0.0609375 0.103125
2 0.76328125 0.82578125 0.01875 0.0484375
3 0.74765625 0.8125 0.0234375 0.0390625
0 0.7375 0.971875 0.034375 0.05625
3 0.7921875 0.7609375 0.01875 0.0203125
2 0.7625 0.9484375 0.025 0.0359375
2 0.76875 0.91796875 0.034375 0.03125
2 0.81015625 0.72109375 0.021875 0.0296875
2 0.78515625 0.69921875 0.034375 0.034375
0 0.78125 0.74921875 0.015625 0.01875
0 0.7421875 0.75234375 0.015625 0.0359375
2 0.7875 0.66875 0.0328125 0.034375
2 0.8078125 0.6640625 0.015625 0.0328125
