2 0.4234375 0.49296875 0.17734375 0.1359375
2 0.459375 0.37421875 0.1234375 0.0359375
2 0.51328125 0.2671875 0.1140625 0.053125
2 0.61953125 0.46328125 0.1328125 0.0765625
2 0.22734375 0.75 0.2359375 0.103125
2 0.58515625 0.6484375 0.225 0.06875
2 0.465625 0.8609375 0.06640625 0.265625
2 0.21875 0.8984375 0.41171875 0.2
1 0.2953125 0.5125 0.04609375 0.046875
1 0.325 0.565625 0.021875 0.075
2 0.6828125 0.8984375 0.37734375 0.190625
1 0.58125 0.56015625 0.05078125 0.0859375
2 0.65625 0.3671875 0.1265625 0.034375
2 0.59375 0.32265625 0.1375 0.0328125
2 0.56015625 0.3546875 0.04609375 0.084375
2 0.809375 0.259375 0.0875 0.046875
2 0.8046875 0.32265625 0.1078125 0.0671875
0 0.80234375 0.671875 0.14765625 0.053125
3 0.40078125 0.64296875 0.0921875 0.1265625
2 0.7015625 0.52890625 0.07109375 0.0390625
3 0.71015625 0.590625 0.1203125 0.046875
0 0.77421875 0.5890625 0.10625 0.08125
0 0.84140625 0.54921875 0.1140625 0.0765625
0 0.83828125 0.73984375 0.1171875 0.0765625
0 0.8921875 0.84140625 0.1171875 0.1234375
0 0.94140625 0.95625 0.1078125 0.08125
0 0.76171875 0.40234375 0.05234375 0.0515625
0 0.24609375 0.45546875 0.06796875 0.0640625
3 0.96953125 0.77578125 0.05390625 0.1921875
0 0.9484375 0.62109375 0.09375 0.1296875
3 0.953125 0.52734375 0.0875 0.0609375
0 0.825 0.49140625 0.1 0.0640625
0 0.75703125 0.48046875 0.03046875 0.0703125
3 0.9625 0.46328125 0.06796875 0.0609375
3 0.95390625 0.44296875 0.0859375 0.0921875
3 0.90546875 0.3609375 0.06484375 0.0625
0 0.725 0.3515625 0.05234375 0.046875
2 0.9640625 0.35390625 0.03359375 0.0859375
3 0.71171875 0.31484375 0.05078125 0.0328125
2 0.9 0.25234375 0.07890625 0.0328125
3 0.91015625 0.28359375 0.05546875 0.0265625
0 0.92890625 0.309375 0.04140625 0.021875
3 0.9640625 0.29609375 0.03359375 0.0359375
2 0.60234375 0.190625 0.05078125 0.03125
2 0.5671875 0.23984375 0.06015625 0.0296875
2 0.603125 0.234375 0.07421875 0.046875
2 0.66953125 0.240625 0.06484375 0.053125
2 0.63359375 0.29453125 0.0984375 0.0515625
2 0.79609375 0.20390625 0.04609375 0.0140625
3 0.78515625 0.22109375 0.03671875 0.0203125
0 0.9453125 0.21328125 0.05234375 0.0296875
3 0.72890625 0.18203125 0.01875 0.0171875
3 0.9828125 0.21015625 0.02890625 0.0421875
2 0.91875 0.1921875 0.03359375 0.021875
2 0.8875 0.1890625 0.02890625 0.03125
2 0.6875 0.16875 0.02890625 0.01875
2 0.66796875 0.1953125 0.03046875 0.03125
0 0.71875 0.19453125 0.0171875 0.0140625
0 0.72578125 0.2328125 0.03515625 0.0125
2 0.6375 0.19609375 0.03046875 0.0296875
2 0.63125 0.1765625 0.03046875 0.0125
