0 0.06015625 0.33828125 0.1203125 0.1546875
2 0.2171875 0.2859375 0.23125 0.1671875
2 0.20390625 0.14453125 0.2703125 0.1890625
2 0.11328125 0.08046875 0.2265625 0.0859375
2 0.41953125 0.2078125 0.1 0.0921875
2 0.34609375 0.20234375 0.0671875 0.103125
2 0.31953125 0.3171875 0.1984375 0.146875
3 0.1171875 0.4984375 0.1984375 0.140625
3 0.271875 0.44140625 0.084375 0.103125
0 0.121875 0.63359375 0.1578125 0.140625
0 0.1859375 0.59140625 0.1390625 0.1046875
0 0.23671875 0.5671875 0.109375 0.0921875
3 0.23359375 0.4421875 0.0984375 0.084375
0 0.2734375 0.8140625 0.096875 0.1
0 0.134375 0.94921875 0.140625 0.1015625
0 0.32734375 0.90859375 0.0921875 0.1078125
0 0.29921875 0.96015625 0.0859375 0.0796875
0 0.3890625 0.8484375 0.078125 0.0578125
2 0.51640625 0.95234375 0.1390625 0.0953125
2 0.5375 0.86171875 0.121875 0.1140625
2 0.5921875 0.778125 0.11875 0.11875
2 0.58125 0.6203125 0.1078125 0.1109375
0 0.33359375 0.528125 0.0546875 0.075
2 0.53671875 0.33828125 0.059375 0.065625
3 0.54453125 0.5671875 0.140625 0.0953125
3 0.4828125 0.69296875 0.10625 0.084375
3 0.534375 0.7515625 0.0734375 0.0671875
3 0.45078125 0.3140625 0.0546875 0.0578125
0 0.4359375 0.3984375 0.0578125 0.05625
2 0.56875 0.24453125 0.0703125 0.0609375
2 0.45390625 0.24375 0.15 0.0890625
2 0.56875 0.38046875 0.071875 0.0703125
0 0.39921875 0.490625 0.090625 0.075
0 0.3671875 0.5140625 0.06875 0.06875
0 0.45546875 0.44921875 0.0625 0.053125
0 0.61796875 0.34140625 0.0265625 0.0234375
0 0.62421875 0.36328125 0.0265625 0.021875
2 0.56484375 0.32109375 0.059375 0.059375
2 0.4984375 0.30390625 0.0703125 0.075
0 0.37265625 0.421875 0.03125 0.05625
0 0.3484375 0.4296875 0.0390625 0.0734375
0 0.32265625 0.4265625 0.0453125 0.0765625
3 0.40078125 0.92265625 0.171875 0.1328125
2 0.646875 0.72265625 0.065625 0.090625
0 0.46484375 0.6 0.0484375 0.0515625
0 0.45234375 0.77109375 0.03125 0.0546875
3 0.4890625 0.75234375 0.0609375 0.040625
2 0.59140625 0.65234375 0.0703125 0.0484375
3 0.55625 0.5125 0.0671875 0.0421875
2 0.64453125 0.45 0.0375 0.0328125
0 0.59453125 0.51015625 0.025 0.028125
0 0.60234375 0.48359375 0.0265625 0.021875
2 0.603125 0.29375 0.025 0.040625
2 0.55625 0.28359375 0.0421875 0.021875
2 0.62734375 0.5375 0.0453125 0.0359375
2 0.6484375 0.50078125 0.0515625 0.0359375
