0 0.26875 0.9265625 0.134375 0.13828125
2 0.24453125 0.74609375 0.1359375 0.21328125
2 0.10234375 0.73671875 0.1515625 0.25078125
2 0.02578125 0.8171875 0.0515625 0.225
2 0.19921875 0.53359375 0.0796875 0.0890625
2 0.18203125 0.60546875 0.0953125 0.05390625
2 0.29140625 0.65 0.1203125 0.18046875
3 0.43828125 0.878125 0.1140625 0.1828125
3 0.40625 0.71640625 0.09375 0.0703125
0 0.57265625 0.89453125 0.1203125 0.140625
0 0.54140625 0.82421875 0.0859375 0.1265625
0 0.525 0.7703125 0.078125 0.0984375
3 0.4015625 0.75390625 0.071875 0.0890625
0 0.775 0.77265625 0.0875 0.084375
0 0.91875 0.9359375 0.15 0.11953125
0 0.8765625 0.734375 0.096875 0.07734375
0 0.93515625 0.771875 0.0953125 0.07265625
0 0.97421875 0.85625 0.0453125 0.15703125
0 0.8265625 0.6640625 0.046875 0.07265625
2 0.95390625 0.5546875 0.0859375 0.1265625
2 0.86328125 0.51953125 0.0984375 0.1078125
2 0.7890625 0.45234375 0.103125 0.103125
2 0.63125 0.43828125 0.096875 0.09375
0 0.5015625 0.66875 0.06875 0.04453125
2 0.34609375 0.43828125 0.0578125 0.0515625
3 0.5734375 0.46640625 0.075 0.13125
3 0.68828125 0.546875 0.0703125 0.09609375
3 0.75390625 0.50546875 0.0578125 0.065625
3 0.30859375 0.51953125 0.0515625 0.046875
0 0.38984375 0.54765625 0.0484375 0.0515625
2 0.25859375 0.3921875 0.0515625 0.06328125
2 0.23984375 0.50546875 0.0671875 0.140625
2 0.39296875 0.41328125 0.0609375 0.06328125
0 0.475 0.5984375 0.0625 0.08203125
0 0.49296875 0.63359375 0.0609375 0.05859375
0 0.44296875 0.5359375 0.0453125 0.05625
0 0.36171875 0.35859375 0.0203125 0.0234375
0 0.384375 0.35625 0.01875 0.0234375
2 0.33359375 0.4078125 0.0515625 0.0515625
2 0.30625 0.47109375 0.065625 0.0609375
0 0.403125 0.61328125 0.053125 0.0234375
0 0.40703125 0.6390625 0.0703125 0.028125
0 0.4 0.6640625 0.071875 0.03515625
0 0.9765625 0.8140625 0.04375 0.07734375
3 0.9015625 0.6640625 0.109375 0.15703125
2 0.74296875 0.38984375 0.0828125 0.05390625
0 0.59296875 0.55 0.0453125 0.0421875
0 0.76015625 0.58984375 0.0515625 0.0234375
3 0.74765625 0.55 0.0328125 0.05625
2 0.66484375 0.43359375 0.0390625 0.065625
3 0.52109375 0.44609375 0.0328125 0.06328125
2 0.4734375 0.34921875 0.028125 0.0328125
0 0.525 0.40859375 0.025 0.02109375
0 0.5 0.39609375 0.01875 0.0234375
2 0.3125 0.365625 0.0375 0.01875
2 0.2953125 0.4109375 0.015625 0.03984375
2 0.55703125 0.38046875 0.0296875 0.03984375
2 0.52421875 0.35390625 0.0296875 0.046875
