2 0.62109375 0.6640625 0.2015625 0.3875
2 0.7140625 0.4765625 0.1625 0.25
3 0.91640625 0.8734375 0.153125 0.246875
1 0.9015625 0.7171875 0.078125 0.0796875
0 0.165625 0.8921875 0.1359375 0.1828125
0 0.065625 0.90625 0.075 0.1171875
0 0.203125 0.73828125 0.1453125 0.2234375
0 0.2390625 0.678125 0.1125 0.184375
0 0.3046875 0.58984375 0.084375 0.1484375
0 0.28984375 0.6171875 0.1109375 0.1015625
0 0.33125 0.46953125 0.096875 0.0921875
0 0.43125 0.66328125 0.090625 0.221875
0 0.41875 0.69296875 0.10625 0.1796875
0 0.3859375 0.8421875 0.1234375 0.3
0 0.353125 0.8953125 0.1765625 0.19375
0 0.70859375 0.9296875 0.196875 0.1375
2 0.3734375 0.35 0.0625 0.25
2 0.34296875 0.3359375 0.0796875 0.1390625
0 0.51015625 0.4390625 0.0796875 0.1234375
0 0.58359375 0.40546875 0.078125 0.109375
0 0.5609375 0.3421875 0.0671875 0.0734375
0 0.4578125 0.30546875 0.0171875 0.078125
0 0.41796875 0.325 0.028125 0.0984375
0 0.49453125 0.33125 0.059375 0.090625
0 0.45625 0.23359375 0.0328125 0.0609375
2 0.53671875 0.2421875 0.071875 0.1234375
3 0.61875 0.27265625 0.0890625 0.15625
3 0.7328125 0.32109375 0.09375 0.1609375
3 0.8265625 0.33046875 0.0515625 0.0890625
2 0.5828125 0.16484375 0.0515625 0.0640625
0 0.46328125 0.1859375 0.03125 0.034375
2 0.540625 0.1125 0.0265625 0.040625
2 0.61953125 0.1453125 0.040625 0.046875
0 0.546875 0.171875 0.0109375 0.0234375
3 0.47421875 0.1703125 0.0265625 0.0515625
2 0.56484375 0.06875 0.0171875 0.0375
0 0.50625 0.14453125 0.028125 0.034375
3 0.54453125 0.15546875 0.0203125 0.0421875
2 0.5828125 0.115625 0.0390625 0.03125
3 0.5109375 0.1 0.0171875 0.021875
3 0.4921875 0.1171875 0.0203125 0.01875
0 0.51015625 0.0703125 0.0140625 0.01875
0 0.52734375 0.075 0.0109375 0.015625
2 0.53828125 0.05 0.0140625 0.0140625
3 0.546875 0.0734375 0.0125 0.01875
1 0.65859375 0.2265625 0.025 0.05
0 0.6515625 0.34375 0.065625 0.0140625
0 0.621875 0.3734375 0.01875 0.05625
