2 0.62421875 0.66171875 0.1953125 0.38515625
2 0.71328125 0.47265625 0.1578125 0.24609375
3 0.92265625 0.86640625 0.1484375 0.24375
1 0.90546875 0.71015625 0.0765625 0.07734375
0 0.17265625 0.89765625 0.1328125 0.18046875
0 0.07265625 0.9140625 0.0734375 0.11484375
0 0.20703125 0.74375 0.1421875 0.2203125
0 0.2421875 0.6828125 0.109375 0.1828125
0 0.30625 0.59296875 0.08125 0.14765625
0 0.2921875 0.62109375 0.109375 0.10078125
0 0.33046875 0.47265625 0.0953125 0.09140625
0 0.434375 0.6640625 0.0875 0.2203125
0 0.421875 0.69453125 0.103125 0.178125
0 0.3921875 0.84375 0.11875 0.2984375
0 0.36015625 0.89765625 0.1734375 0.18984375
0 0.71640625 0.92578125 0.1953125 0.13359375
2 0.37109375 0.35234375 0.0578125 0.2484375
2 0.33984375 0.3390625 0.0765625 0.13828125
0 0.509375 0.4390625 0.078125 0.121875
0 0.58203125 0.40390625 0.0765625 0.1078125
0 0.5578125 0.34140625 0.065625 0.07265625
0 0.4546875 0.30625 0.015625 0.07734375
0 0.41484375 0.3265625 0.0265625 0.0984375
0 0.49140625 0.33125 0.0578125 0.0890625
0 0.4515625 0.234375 0.03125 0.0609375
2 0.53203125 0.24140625 0.0703125 0.121875
3 0.61484375 0.2703125 0.0859375 0.1546875
3 0.7296875 0.3171875 0.090625 0.159375
3 0.8234375 0.325 0.05 0.08671875
2 0.5765625 0.16328125 0.05 0.06328125
0 0.4578125 0.18671875 0.03125 0.03515625
2 0.53359375 0.11171875 0.0265625 0.03984375
2 0.61328125 0.14296875 0.0390625 0.046875
0 0.54140625 0.17109375 0.0109375 0.0234375
3 0.46875 0.17109375 0.025 0.0515625
2 0.55703125 0.06796875 0.0171875 0.0375
0 0.5 0.14453125 0.028125 0.03515625
3 0.53828125 0.1546875 0.0203125 0.0421875
2 0.57578125 0.1140625 0.0390625 0.03046875
3 0.50390625 0.1 0.0171875 0.02109375
3 0.48515625 0.1171875 0.0203125 0.01875
0 0.50234375 0.0703125 0.0140625 0.01875
0 0.51953125 0.07421875 0.0109375 0.01640625
2 0.53046875 0.04921875 0.0140625 0.0140625
3 0.5390625 0.07265625 0.0125 0.01875
1 0.65390625 0.22421875 0.0234375 0.04921875
0 0.6484375 0.34140625 0.065625 0.01171875
0 0.61953125 0.37109375 0.0171875 0.05625
