1 0.83828125 0.9296875 0.225 0.1375
1 0.48671875 0.92890625 0.22265625 0.1359375
1 0.69609375 0.77421875 0.4203125 0.1796875
1 0.23671875 0.859375 0.34296875 0.234375
1 0.3640625 0.7859375 0.32890625 0.121875
1 0.4328125 0.68359375 0.11953125 0.0984375
1 0.678125 0.590625 0.196875 0.203125
1 0.49140625 0.6 0.25625 0.2
1 0.7890625 0.53359375 0.0609375 0.1234375
1 0.66640625 0.48515625 0.1171875 0.0640625
1 0.69140625 0.46171875 0.10078125 0.0921875
1 0.725 0.43203125 0.1125 0.1046875
1 0.4609375 0.47265625 0.08671875 0.0546875
1 0.2203125 0.52265625 0.13125 0.1359375
1 0.109375 0.56484375 0.21796875 0.1609375
1 0.25859375 0.45390625 0.09375 0.0984375
1 0.053125 0.49140625 0.10546875 0.0953125
1 0.1796875 0.4375 0.09609375 0.096875
1 0.30078125 0.4484375 0.1171875 0.11875
1 0.40859375 0.5 0.0984375 0.16875
1 0.60546875 0.428125 0.09375 0.115625
1 0.44921875 0.41640625 0.08671875 0.0671875
1 0.525 0.40390625 0.07265625 0.0890625
1 0.74609375 0.390625 0.0796875 0.090625
1 0.47265625 0.34609375 0.09140625 0.0734375
1 0.62109375 0.35625 0.09609375 0.096875
1 0.465625 0.30625 0.06328125 0.028125
1 0.45546875 0.31796875 0.075 0.0890625
1 0.575 0.29140625 0.075 0.0640625
1 0.66796875 0.3203125 0.08671875 0.090625
1 0.74140625 0.32265625 0.065625 0.0546875
1 0.79140625 0.34609375 0.0703125 0.0640625
1 0.834375 0.31953125 0.07734375 0.0890625
1 0.853125 0.29453125 0.07734375 0.0890625
1 0.896875 0.221875 0.0609375 0.0625
1 0.57265625 0.25390625 0.05625 0.0234375
1 0.6171875 0.24921875 0.0609375 0.0546875
1 0.6453125 0.24375 0.05625 0.0625
1 0.7484375 0.2171875 0.046875 0.06875
1 0.86953125 0.184375 0.04921875 0.05
1 0.92734375 0.196875 0.0421875 0.053125
1 0.85078125 0.17421875 0.02578125 0.0484375
1 0.9015625 0.1625 0.0328125 0.0375
1 0.928125 0.1546875 0.03046875 0.0125
1 0.95078125 0.18671875 0.0421875 0.0515625
1 0.859375 0.14140625 0.0421875 0.0328125
1 0.96796875 0.16015625 0.03984375 0.0453125
1 0.97734375 0.15234375 0.03046875 0.0421875
1 0.953125 0.109375 0.028125 0.03125
1 0.9765625 0.10234375 0.0234375 0.0265625
1 0.9609375 0.08828125 0.01640625 0.0109375
1 0.9375 0.09453125 0.02109375 0.0109375
1 0.97734375 0.08515625 0.01640625 0.0109375
3 0.75390625 0.18515625 0.0890625 0.0515625
0 0.915625 0.11875 0.0515625 0.040625
1 0.83359375 0.57109375 0.1546875 0.1953125
0 0.92734375 0.5 0.13125 0.159375
0 0.93046875 0.3984375 0.12421875 0.1
0 0.953125 0.3328125 0.0796875 0.0375
0 0.96328125 0.29140625 0.05859375 0.0484375
0 0.9703125 0.2515625 0.04453125 0.028125
0 0.9859375 0.2078125 0.0140625 0.028125
0 0.984375 0.23125 0.01640625 0.015625
1 0.565625 0.2390625 0.0375 0.021875
