1 0.853125 0.91796875 0.2296875 0.1453125
1 0.50078125 0.928125 0.2265625 0.14375
1 0.70546875 0.7671875 0.4265625 0.19375
1 0.24921875 0.86796875 0.3515625 0.246875
1 0.37421875 0.790625 0.3328125 0.1328125
1 0.4390625 0.6859375 0.121875 0.103125
1 0.68125 0.584375 0.203125 0.209375
1 0.49453125 0.6 0.2625 0.209375
1 0.78984375 0.5234375 0.065625 0.125
1 0.665625 0.4796875 0.11875 0.06875
1 0.68984375 0.4546875 0.103125 0.0953125
1 0.72265625 0.42421875 0.115625 0.1078125
1 0.46015625 0.47421875 0.0890625 0.0578125
1 0.22109375 0.53203125 0.1359375 0.140625
1 0.11171875 0.578125 0.2234375 0.16875
1 0.25703125 0.4625 0.096875 0.1015625
1 0.05390625 0.50703125 0.1078125 0.0984375
1 0.17734375 0.4484375 0.1 0.1
1 0.29921875 0.45546875 0.121875 0.1234375
1 0.40859375 0.503125 0.1046875 0.171875
1 0.603125 0.42421875 0.0984375 0.11875
1 0.44609375 0.41796875 0.0890625 0.0703125
1 0.521875 0.403125 0.075 0.0921875
1 0.7421875 0.38203125 0.0828125 0.09375
1 0.4671875 0.346875 0.09375 0.0765625
1 0.615625 0.35234375 0.1 0.1
1 0.45859375 0.3078125 0.0640625 0.0296875
1 0.44921875 0.31953125 0.078125 0.0921875
1 0.56796875 0.2890625 0.0765625 0.0671875
1 0.66171875 0.31484375 0.090625 0.09375
1 0.73515625 0.3140625 0.0671875 0.05625
1 0.7859375 0.3359375 0.071875 0.0671875
1 0.828125 0.3078125 0.08125 0.0921875
1 0.84609375 0.28203125 0.08125 0.0921875
1 0.88671875 0.2078125 0.0625 0.0640625
1 0.5640625 0.2515625 0.0578125 0.025
1 0.60859375 0.2453125 0.0625 0.05625
1 0.6359375 0.2390625 0.0578125 0.0640625
1 0.73828125 0.20859375 0.05 0.0703125
1 0.85859375 0.171875 0.0515625 0.0515625
1 0.91640625 0.18203125 0.04375 0.0546875
1 0.8390625 0.1625 0.0265625 0.05
1 0.88984375 0.1484375 0.034375 0.0390625
1 0.915625 0.13984375 0.03125 0.0140625
1 0.93984375 0.17109375 0.04375 0.053125
1 0.846875 0.12890625 0.04375 0.034375
1 0.95546875 0.14375 0.0421875 0.046875
1 0.96484375 0.1359375 0.0328125 0.04375
1 0.9390625 0.09375 0.0296875 0.0328125
1 0.9625 0.0859375 0.025 0.028125
1 0.94609375 0.07265625 0.015625 0.0109375
1 0.9234375 0.0796875 0.021875 0.0109375
1 0.9625 0.06875 0.015625 0.0109375
3 0.74296875 0.1765625 0.090625 0.0546875
0 0.90234375 0.1046875 0.053125 0.0421875
1 0.8359375 0.559375 0.1609375 0.2
0 0.92734375 0.48515625 0.1375 0.1640625
0 0.9265625 0.38359375 0.128125 0.1046875
0 0.946875 0.3171875 0.08125 0.040625
0 0.95546875 0.275 0.0609375 0.05
0 0.96171875 0.23515625 0.0453125 0.0296875
0 0.97578125 0.19140625 0.015625 0.028125
0 0.975 0.21484375 0.015625 0.015625
1 0.55625 0.23671875 0.0375 0.0234375
