1 0.03515625 0.80234375 0.0703125 0.17890625
1 0.0171875 0.64609375 0.034375 0.10625
1 0.11171875 0.64921875 0.0734375 0.0984375
1 0.19921875 0.6375 0.0703125 0.0984375
1 0.24375 0.5890625 0.05 0.08203125
1 0.21328125 0.57421875 0.0171875 0.05625
1 0.70234375 0.646875 0.0359375 0.14609375
1 0.7578125 0.9140625 0.078125 0.1625
1 0.85234375 0.82734375 0.0765625 0.21875
1 0.76953125 0.734375 0.0609375 0.13203125
1 0.83046875 0.7015625 0.0609375 0.11796875
1 0.7953125 0.6375 0.040625 0.0890625
1 0.75546875 0.67265625 0.0546875 0.10859375
0 0.58359375 0.6109375 0.0765625 0.1953125
1 0.4359375 0.584375 0.034375 0.06328125
0 0.49765625 0.6 0.0703125 0.10859375
0 0.44296875 0.68828125 0.0671875 0.1578125
3 0.33203125 0.81328125 0.1796875 0.36484375
2 0.5953125 0.88828125 0.1875 0.2140625
2 0.628125 0.784375 0.134375 0.42109375
0 0.7140625 0.575 0.05625 0.09140625
0 0.0171875 0.94453125 0.03125 0.08203125
0 0.221875 0.69296875 0.115625 0.1203125
1 0.0125 0.58359375 0.025 0.046875
1 0.0078125 0.55078125 0.015625 0.028125
1 0.01328125 0.5203125 0.0234375 0.046875
1 0.0890625 0.51875 0.025 0.03046875
1 0.1140625 0.51796875 0.021875 0.0328125
1 0.13046875 0.50859375 0.0234375 0.0375
1 0.09375 0.48359375 0.021875 0.02109375
1 0.15703125 0.48203125 0.0234375 0.01875
1 0.17890625 0.4703125 0.0203125 0.0234375
1 0.20078125 0.465625 0.0234375 0.0328125
1 0.2234375 0.44921875 0.021875 0.0234375
1 0.125 0.47734375 0.01875 0.0234375
0 0.20078125 0.50625 0.0921875 0.046875
2 0.11328125 0.5765625 0.1265625 0.075
2 0.19375 0.54375 0.10625 0.0890625
1 0.3484375 0.49609375 0.0375 0.0609375
2 0.37265625 0.4484375 0.0421875 0.04453125
3 0.371875 0.54375 0.071875 0.0984375
0 0.24140625 0.48671875 0.0484375 0.0609375
0 0.3203125 0.45625 0.05 0.046875
1 0.19453125 0.43515625 0.0171875 0.0234375
1 0.21875 0.43046875 0.015625 0.0140625
1 0.2375 0.4234375 0.01875 0.0234375
1 0.24765625 0.4421875 0.0203125 0.0234375
1 0.2890625 0.43515625 0.015625 0.0234375
1 0.27109375 0.428125 0.0109375 0.0234375
1 0.29453125 0.41640625 0.0203125 0.028125
1 0.33046875 0.4140625 0.0203125 0.0328125
1 0.3484375 0.409375 0.0125 0.0234375
1 0.32109375 0.40703125 0.0171875 0.0375
1 0.165625 0.45859375 0.015625 0.0234375
1 0.3125 0.41171875 0.009375 0.028125
3 0.42734375 0.47265625 0.0546875 0.0515625
1 0.4625 0.4390625 0.015625 0.03984375
1 0.4140625 0.42578125 0.021875 0.0375
1 0.44375 0.41171875 0.015625 0.0375
1 0.4734375 0.3953125 0.015625 0.028125
0 0.36640625 0.42109375 0.0328125 0.01875
0 0.3953125 0.4140625 0.03125 0.028125
0 0.42109375 0.4 0.0265625 0.028125
0 0.4359375 0.39140625 0.021875 0.02578125
0 0.45234375 0.38359375 0.0296875 0.028125
1 0.3921875 0.38828125 0.0125 0.01875
1 0.40625 0.38359375 0.0125 0.01875
3 0.4046875 0.3671875 0.015625 0.01875
1 0.42578125 0.371875 0.0109375 0.0140625
1 0.47109375 0.35625 0.0109375 0.01640625
1 0.4890625 0.34921875 0.009375 0.01640625
1 0.49375 0.42109375 0.025 0.0328125
0 0.51171875 0.3953125 0.0359375 0.028125
0 0.5015625 0.36015625 0.015625 0.01875
0 0.55390625 0.428125 0.0296875 0.0421875
0 0.5625 0.409375 0.021875 0.028125
2 0.5953125 0.4703125 0.059375 0.13671875
0 0.634375 0.46953125 0.028125 0.05859375
1 0.671875 0.48671875 0.015625 0.05625
0 0.6546875 0.4421875 0.028125 0.0421875
0 0.62421875 0.4234375 0.0234375 0.0328125
0 0.6515625 0.41875 0.021875 0.028125
0 0.6421875 0.409375 0.025 0.0328125
1 0.78828125 0.57890625 0.0359375 0.0703125
1 0.7828125 0.534375 0.0375 0.075
1 0.8578125 0.61171875 0.040625 0.075
1 0.846875 0.575 0.0375 0.08203125
1 0.90625 0.5796875 0.05 0.08671875
1 0.95625 0.56015625 0.040625 0.0796875
1 0.98828125 0.54921875 0.0171875 0.07734375
1 0.7609375 0.49375 0.040625 0.0609375
1 0.73203125 0.45859375 0.0265625 0.0234375
1 0.80234375 0.475 0.0234375 0.0328125
0 0.8484375 0.51796875 0.109375 0.0609375
0 0.9484375 0.49375 0.1 0.0890625
1 0.984375 0.45546875 0.021875 0.02578125
1 0.89375 0.484375 0.015625 0.0515625
1 0.721875 0.50390625 0.05625 0.065625
1 0.6859375 0.4328125 0.01875 0.0328125
0 0.74375 0.45625 0.04375 0.0421875
0 0.725 0.4328125 0.028125 0.028125
0 0.7140625 0.41796875 0.028125 0.02578125
1 0.68828125 0.4140625 0.0140625 0.01875
1 0.6734375 0.40859375 0.0125 0.03046875
1 0.64453125 0.38359375 0.0109375 0.0140625
1 0.63125 0.3859375 0.0125 0.0140625
2 0.6296875 0.36796875 0.015625 0.01171875
2 0.578125 0.3765625 0.025 0.0375
0 0.63046875 0.34375 0.0109375 0.01875
2 0.6484375 0.3390625 0.0125 0.01875
0 0.61484375 0.34921875 0.0078125 0.01640625
2 0.64375 0.3203125 0.0125 0.0140625
2 0.62578125 0.31796875 0.0140625 0.0140625
0 0.6703125 0.35625 0.015625 0.01640625
0 0.61171875 0.38125 0.0171875 0.01875
0 0.56875 0.33515625 0.0125 0.01640625
0 0.55078125 0.32734375 0.0109375 0.0140625
1 0.3796875 0.39140625 0.0125 0.02578125
0 0.4609375 0.42578125 0.0375 0.0375
