1 0.76015625 0.97265625 0.1828125 0.0546875
1 0.603125 0.9859375 0.109375 0.028125
1 0.61484375 0.9 0.1046875 0.08125
1 0.6109375 0.81171875 0.1046875 0.078125
1 0.56640625 0.76328125 0.0859375 0.05625
1 0.54921875 0.7921875 0.0578125 0.021875
1 0.6640625 0.3109375 0.15 0.0484375
1 0.925 0.27890625 0.15 0.0921875
1 0.85703125 0.17734375 0.225 0.0953125
1 0.75703125 0.2515625 0.1359375 0.071875
1 0.7296875 0.18828125 0.1234375 0.0703125
1 0.6625 0.21796875 0.0921875 0.0484375
1 0.69453125 0.2609375 0.1140625 0.0640625
0 0.61796875 0.4265625 0.2015625 0.09375
1 0.578125 0.57109375 0.065625 0.0390625
0 0.59921875 0.5109375 0.115625 0.0796875
0 0.6828125 0.5734375 0.1625 0.08125
3 0.79765625 0.69453125 0.3796875 0.2109375
2 0.88984375 0.43828125 0.2203125 0.2046875
2 0.7890625 0.39609375 0.421875 0.1703125
0 0.59375 0.29296875 0.0953125 0.0640625
0 0.66796875 0.79375 0.1296875 0.125
1 0.53984375 0.9890625 0.0484375 0.021875
1 0.50703125 0.9921875 0.0296875 0.015625
1 0.47734375 0.9859375 0.0484375 0.028125
1 0.4828125 0.9109375 0.0328125 0.028125
1 0.484375 0.8859375 0.034375 0.025
1 0.4765625 0.86875 0.0390625 0.0265625
1 0.4484375 0.903125 0.0234375 0.0234375
1 0.45234375 0.83984375 0.0203125 0.025
1 0.4421875 0.8171875 0.025 0.021875
1 0.43984375 0.7953125 0.034375 0.0265625
1 0.425 0.77109375 0.025 0.0234375
1 0.44453125 0.871875 0.025 0.0203125
0 0.48046875 0.7984375 0.0546875 0.0953125
2 0.5421875 0.8921875 0.0859375 0.1328125
2 0.5171875 0.80859375 0.0984375 0.1140625
1 0.4828125 0.65078125 0.0640625 0.0421875
2 0.4375 0.62265625 0.046875 0.0453125
3 0.53203125 0.63125 0.1046875 0.0796875
0 0.4640625 0.75625 0.065625 0.053125
0 0.440625 0.675 0.0515625 0.053125
1 0.40859375 0.7984375 0.025 0.01875
1 0.40625 0.77421875 0.015625 0.0171875
1 0.40078125 0.7546875 0.025 0.0203125
1 0.4203125 0.74609375 0.025 0.021875
1 0.4171875 0.7046875 0.025 0.0171875
1 0.40859375 0.721875 0.025 0.0125
1 0.3984375 0.69765625 0.0296875 0.0234375
1 0.4 0.66171875 0.034375 0.0234375
1 0.396875 0.64296875 0.025 0.0140625
1 0.39140625 0.6703125 0.0390625 0.0203125
1 0.4296875 0.8296875 0.025 0.0171875
1 0.39609375 0.67890625 0.028125 0.0125
3 0.46640625 0.5703125 0.05625 0.059375
1 0.4359375 0.53203125 0.0421875 0.01875
1 0.41875 0.57890625 0.0390625 0.025
1 0.40703125 0.5484375 0.0390625 0.01875
1 0.39375 0.5171875 0.0296875 0.01875
0 0.409375 0.6265625 0.021875 0.034375
0 0.40546875 0.596875 0.03125 0.0328125
0 0.39375 0.56953125 0.0296875 0.0296875
0 0.3859375 0.5546875 0.0265625 0.0234375
0 0.3796875 0.5375 0.03125 0.03125
1 0.3796875 0.59765625 0.0203125 0.0140625
1 0.37578125 0.58359375 0.0203125 0.0140625
3 0.359375 0.58359375 0.0203125 0.0171875
1 0.365625 0.5625 0.015625 0.0125
1 0.35390625 0.51640625 0.0171875 0.0125
1 0.34921875 0.49765625 0.015625 0.0109375
1 0.42109375 0.49921875 0.034375 0.028125
0 0.396875 0.47890625 0.03125 0.0375
0 0.3609375 0.4859375 0.0203125 0.0171875
0 0.4328125 0.43984375 0.0453125 0.0328125
0 0.41484375 0.4296875 0.0296875 0.025
2 0.47890625 0.40234375 0.1421875 0.071875
0 0.48125 0.36328125 0.0609375 0.0328125
1 0.5015625 0.32734375 0.0578125 0.0203125
0 0.45625 0.340625 0.04375 0.03125
0 0.434375 0.36953125 0.034375 0.0265625
0 0.43203125 0.3421875 0.0296875 0.025
0 0.421875 0.35078125 0.034375 0.028125
1 0.60390625 0.21953125 0.0734375 0.0421875
1 0.55859375 0.22109375 0.078125 0.04375
1 0.6421875 0.153125 0.078125 0.046875
1 0.6046875 0.1609375 0.084375 0.04375
1 0.61484375 0.10234375 0.0921875 0.0578125
1 0.6 0.05078125 0.0828125 0.046875
1 0.59140625 0.01796875 0.0796875 0.0234375
1 0.51640625 0.23984375 0.0640625 0.0453125
1 0.47890625 0.265625 0.025 0.028125
1 0.5015625 0.196875 0.034375 0.0265625
0 0.5484375 0.1546875 0.0703125 0.1140625
0 0.5328125 0.053125 0.096875 0.10625
1 0.49765625 0.01328125 0.0265625 0.0234375
1 0.51875 0.10625 0.053125 0.0203125
1 0.5234375 0.2796875 0.0703125 0.0625
1 0.44921875 0.30859375 0.034375 0.021875
0 0.47734375 0.253125 0.0453125 0.046875
0 0.45234375 0.2703125 0.03125 0.03125
0 0.43671875 0.2796875 0.028125 0.0296875
1 0.43046875 0.3046875 0.0203125 0.015625
1 0.42421875 0.31953125 0.0328125 0.015625
1 0.396875 0.34609375 0.015625 0.0125
1 0.39765625 0.359375 0.015625 0.0140625
2 0.3796875 0.359375 0.0140625 0.0171875
2 0.38359375 0.41171875 0.0390625 0.028125
0 0.35546875 0.35625 0.0203125 0.0125
2 0.35234375 0.33828125 0.0203125 0.0140625
0 0.36015625 0.37265625 0.015625 0.009375
2 0.33359375 0.34140625 0.015625 0.0140625
2 0.3296875 0.35859375 0.015625 0.015625
0 0.371875 0.31796875 0.0171875 0.0171875
0 0.39140625 0.378125 0.0203125 0.01875
0 0.34140625 0.4171875 0.0171875 0.0140625
0 0.3328125 0.434375 0.015625 0.0125
1 0.38125 0.61015625 0.0265625 0.0140625
0 0.42265625 0.5328125 0.040625 0.040625
