1 0.93515625 0.8953125 0.1203125 0.2
0 0.7109375 0.63046875 0.13125 0.11796875
1 0.425 0.94921875 0.084375 0.09140625
1 0.32265625 0.9140625 0.0984375 0.1625
1 0.2 0.9234375 0.1 0.14375
1 0.109375 0.86796875 0.109375 0.19765625
1 0.059375 0.77734375 0.11875 0.171875
1 0.2265625 0.82578125 0.18125 0.20234375
1 0.16171875 0.73203125 0.0609375 0.12734375
1 0.05546875 0.6296875 0.0671875 0.134375
1 0.1046875 0.57890625 0.046875 0.11328125
1 0.56328125 0.59765625 0.0578125 0.12265625
1 0.43515625 0.35546875 0.0234375 0.046875
2 0.371875 0.67421875 0.11875 0.2046875
2 0.403125 0.615625 0.078125 0.1296875
2 0.4234375 0.60625 0.084375 0.1484375
2 0.61328125 0.4984375 0.0734375 0.12265625
2 0.85234375 0.45859375 0.1015625 0.0890625
3 0.925 0.62578125 0.146875 0.25859375
2 0.68671875 0.39375 0.1078125 0.10625
1 0.02265625 0.56953125 0.0453125 0.11328125
1 0.078125 0.5296875 0.034375 0.065625
1 0.18828125 0.7015625 0.0734375 0.18359375
1 0.26015625 0.6140625 0.0421875 0.16484375
1 0.16796875 0.60859375 0.0515625 0.115625
1 0.153125 0.6 0.05 0.15078125
1 0.18984375 0.5390625 0.0421875 0.09375
1 0.234375 0.565625 0.034375 0.1109375
1 0.24375 0.5109375 0.0375 0.0515625
1 0.05859375 0.515625 0.0359375 0.084375
1 0.1515625 0.49375 0.046875 0.084375
1 0.1171875 0.47265625 0.034375 0.065625
1 0.11484375 0.41875 0.0234375 0.0375
1 0.16640625 0.4390625 0.0328125 0.07734375
1 0.14609375 0.41875 0.0296875 0.0703125
1 0.2078125 0.45859375 0.0375 0.0796875
1 0.2203125 0.43515625 0.028125 0.075
1 0.25859375 0.48671875 0.0296875 0.0515625
1 0.2625 0.45625 0.028125 0.0234375
1 0.278125 0.45625 0.034375 0.0703125
1 0.27890625 0.41171875 0.0234375 0.0328125
1 0.1921875 0.4015625 0.021875 0.05390625
1 0.19375 0.36796875 0.021875 0.01640625
1 0.30078125 0.3890625 0.0265625 0.05859375
1 0.2890625 0.36328125 0.021875 0.05390625
1 0.27734375 0.34921875 0.0203125 0.04921875
1 0.31796875 0.28203125 0.0109375 0.0328125
1 0.27578125 0.3 0.0140625 0.03046875
3 0.253125 0.315625 0.03125 0.046875
0 0.309375 0.2671875 0.021875 0.03046875
0 0.34453125 0.54453125 0.0703125 0.06328125
0 0.3484375 0.515625 0.071875 0.0421875
0 0.340625 0.48203125 0.0625 0.0796875
0 0.4 0.41875 0.046875 0.065625
0 0.34453125 0.4328125 0.0578125 0.0375
0 0.3453125 0.4 0.04375 0.0421875
0 0.34609375 0.37421875 0.0390625 0.0328125
0 0.35234375 0.3578125 0.0328125 0.0375
0 0.35078125 0.3375 0.0296875 0.02109375
0 0.3515625 0.32578125 0.028125 0.02109375
3 0.38515625 0.328125 0.0265625 0.04921875
0 0.4015625 0.309375 0.0125 0.02578125
0 0.35703125 0.3140625 0.0234375 0.01640625
0 0.35703125 0.30234375 0.0203125 0.01171875
0 0.35859375 0.29140625 0.0140625 0.0046875
0 0.36484375 0.29140625 0.0203125 0.01875
0 0.38828125 0.2890625 0.0203125 0.0234375
0 0.36171875 0.2796875 0.0171875 0.009375
0 0.3671875 0.2765625 0.015625 0.01171875
0 0.365625 0.26953125 0.015625 0.01171875
0 0.3671875 0.26328125 0.015625 0.009375
0 0.36640625 0.25625 0.0171875 0.0140625
1 0.34375 0.2671875 0.009375 0.02578125
1 0.328125 0.26328125 0.009375 0.0234375
1 0.4125 0.24453125 0.009375 0.0234375
1 0.39375 0.2609375 0.009375 0.0234375
1 0.384375 0.25625 0.009375 0.01875
1 0.3546875 0.24375 0.00625 0.01171875
1 0.4046875 0.2421875 0.00625 0.01875
2 0.40078125 0.22109375 0.0109375 0.01875
1 0.34921875 0.23515625 0.0046875 0.0140625
3 0.4203125 0.21640625 0.00625 0.0140625
2 0.43125 0.2296875 0.015625 0.02578125
1 0.43828125 0.2375 0.0078125 0.009375
0 0.4375 0.2578125 0.0125 0.01640625
3 0.34140625 0.22578125 0.0109375 0.0140625
1 0.94375 0.4671875 0.05625 0.06328125
1 0.9796875 0.46015625 0.034375 0.06328125
1 0.91875 0.4328125 0.021875 0.0328125
1 0.890625 0.434375 0.034375 0.03515625
0 0.9234375 0.42109375 0.053125 0.0328125
1 0.7953125 0.43515625 0.01875 0.028125
1 0.79921875 0.44453125 0.0078125 0.065625
0 0.7640625 0.4328125 0.04375 0.0609375
0 0.846875 0.40390625 0.05 0.03515625
0 0.80859375 0.38359375 0.0359375 0.0375
2 0.76015625 0.3796875 0.0515625 0.08203125
2 0.734375 0.34375 0.09375 0.05625
0 0.62890625 0.390625 0.0171875 0.0328125
0 0.59140625 0.36953125 0.0390625 0.0421875
0 0.57578125 0.34140625 0.0265625 0.0234375
0 0.62265625 0.29375 0.0203125 0.0234375
0 0.6046875 0.33203125 0.03125 0.0703125
2 0.54296875 0.29375 0.0515625 0.0609375
1 0.58203125 0.2984375 0.0109375 0.0328125
0 0.64296875 0.32265625 0.0296875 0.0328125
2 0.50859375 0.2703125 0.0234375 0.0375
0 0.5296875 0.246875 0.0125 0.01875
1 0.4265625 0.29140625 0.0125 0.0328125
1 0.29375 0.27890625 0.021875 0.02109375
0 0.80859375 0.56015625 0.0796875 0.10390625
0 0.75 0.47734375 0.078125 0.0703125
1 0.68828125 0.4703125 0.0203125 0.0328125
