1 0.871875 0.0546875 0.20625 0.109375
0 0.61953125 0.2828125 0.125 0.1375
1 0.95234375 0.5515625 0.0953125 0.0890625
1 0.91953125 0.6546875 0.1609375 0.10625
1 0.93203125 0.77734375 0.1359375 0.1078125
1 0.88828125 0.87109375 0.2015625 0.11875
1 0.8 0.92578125 0.178125 0.128125
1 0.83984375 0.75625 0.2125 0.1921875
1 0.74921875 0.82578125 0.13125 0.0671875
1 0.653125 0.9375 0.1375 0.0734375
1 0.59921875 0.890625 0.1140625 0.053125
1 0.59453125 0.43203125 0.125 0.0640625
1 0.359375 0.57265625 0.0484375 0.0265625
2 0.68046875 0.61875 0.2109375 0.1296875
2 0.6203125 0.590625 0.134375 0.084375
2 0.61015625 0.57109375 0.153125 0.0921875
2 0.4921875 0.38671875 0.125 0.0796875
2 0.43984375 0.15 0.09375 0.10625
3 0.60234375 0.07421875 0.2671875 0.1484375
2 0.384375 0.31875 0.1125 0.1125
1 0.59453125 0.9734375 0.1140625 0.0515625
1 0.5515625 0.91953125 0.0671875 0.0375
1 0.71796875 0.80078125 0.1875 0.0828125
1 0.6265625 0.73359375 0.1671875 0.0515625
1 0.62578125 0.82578125 0.11875 0.0578125
1 0.61796875 0.84140625 0.153125 0.0578125
1 0.55546875 0.8078125 0.0953125 0.046875
1 0.5796875 0.76171875 0.1125 0.040625
1 0.52421875 0.75546875 0.053125 0.040625
1 0.5390625 0.93984375 0.0859375 0.040625
1 0.51171875 0.8484375 0.0859375 0.0515625
1 0.49296875 0.88359375 0.0671875 0.0375
1 0.4390625 0.8890625 0.0390625 0.025
1 0.45625 0.8359375 0.0796875 0.0375
1 0.4375 0.8578125 0.071875 0.0328125
1 0.47421875 0.79375 0.08125 0.0421875
1 0.45 0.7828125 0.0765625 0.03125
1 0.49921875 0.74140625 0.053125 0.0328125
1 0.46875 0.73984375 0.025 0.0296875
1 0.46796875 0.72421875 0.071875 0.0375
1 0.4234375 0.72578125 0.034375 0.025
1 0.41796875 0.8125 0.0546875 0.025
1 0.384375 0.8125 0.0171875 0.0234375
1 0.4 0.7046875 0.0609375 0.0296875
1 0.37421875 0.71796875 0.0546875 0.025
1 0.3609375 0.73046875 0.0515625 0.0234375
1 0.2921875 0.69296875 0.0328125 0.0125
1 0.31171875 0.734375 0.03125 0.015625
3 0.32890625 0.75625 0.0484375 0.034375
0 0.27734375 0.70234375 0.0328125 0.0234375
0 0.55234375 0.653125 0.065625 0.0734375
0 0.5234375 0.65078125 0.0453125 0.0734375
0 0.490625 0.66015625 0.0828125 0.0671875
0 0.42421875 0.60390625 0.06875 0.05
0 0.44140625 0.65859375 0.040625 0.059375
0 0.40859375 0.659375 0.04375 0.0453125
0 0.3828125 0.66015625 0.034375 0.040625
0 0.365625 0.6546875 0.0390625 0.034375
0 0.3453125 0.6578125 0.0234375 0.03125
0 0.33359375 0.65703125 0.0234375 0.0296875
3 0.334375 0.6234375 0.0515625 0.0296875
0 0.31484375 0.60859375 0.025 0.0140625
0 0.321875 0.65234375 0.0171875 0.025
0 0.31015625 0.653125 0.0140625 0.0203125
0 0.29921875 0.65234375 0.0046875 0.0140625
0 0.2984375 0.64609375 0.0203125 0.021875
0 0.2953125 0.62265625 0.025 0.021875
0 0.2875 0.65 0.0109375 0.0171875
0 0.28359375 0.64453125 0.0140625 0.015625
0 0.2765625 0.64609375 0.0140625 0.015625
0 0.2703125 0.6453125 0.0109375 0.015625
0 0.26328125 0.64609375 0.015625 0.0171875
1 0.27578125 0.66796875 0.025 0.0109375
1 0.27265625 0.684375 0.0234375 0.0109375
1 0.24921875 0.60078125 0.0234375 0.0109375
1 0.2671875 0.61875 0.0234375 0.0109375
1 0.2625 0.628125 0.01875 0.0109375
1 0.2515625 0.65859375 0.0125 0.00625
1 0.24765625 0.60859375 0.01875 0.0078125
2 0.2265625 0.6140625 0.01875 0.0125
1 0.24375 0.6640625 0.0140625 0.0046875
3 0.22109375 0.59453125 0.0140625 0.00625
2 0.23359375 0.5828125 0.0265625 0.0171875
1 0.24140625 0.575 0.009375 0.0078125
0 0.26171875 0.575 0.015625 0.0140625
3 0.234375 0.67265625 0.0140625 0.0109375
1 0.44375 0.05859375 0.065625 0.059375
1 0.43515625 0.0234375 0.0640625 0.0375
1 0.4109375 0.08515625 0.034375 0.0234375
1 0.4140625 0.11328125 0.0359375 0.0359375
0 0.39921875 0.08125 0.0359375 0.0546875
1 0.41953125 0.20859375 0.0296875 0.0203125
1 0.42890625 0.20390625 0.065625 0.0109375
0 0.41875 0.23984375 0.0625 0.046875
0 0.3859375 0.15859375 0.0375 0.0515625
0 0.36796875 0.19765625 0.0390625 0.0375
2 0.36640625 0.246875 0.084375 0.05625
2 0.33203125 0.27421875 0.0609375 0.096875
0 0.384375 0.37734375 0.034375 0.01875
0 0.36484375 0.415625 0.04375 0.040625
0 0.3375 0.4328125 0.025 0.028125
0 0.2875 0.38828125 0.025 0.021875
0 0.3265625 0.40390625 0.071875 0.034375
2 0.29140625 0.46796875 0.0640625 0.0546875
1 0.29453125 0.42890625 0.0328125 0.0125
0 0.315625 0.36640625 0.034375 0.03125
2 0.2703125 0.503125 0.0390625 0.025
0 0.2453125 0.48359375 0.01875 0.0140625
1 0.2953125 0.584375 0.0328125 0.0140625
1 0.28984375 0.7171875 0.0234375 0.0234375
0 0.54375 0.1890625 0.1078125 0.084375
0 0.4640625 0.2515625 0.075 0.08125
1 0.46015625 0.31328125 0.034375 0.021875
