2 0.30234375 0.50078125 0.140625 0.1
2 0.309375 0.6796875 0.1140625 0.0875
1 0.79375 0.08828125 0.1359375 0.0953125
1 0.47109375 0.4 0.1 0.0921875
3 0.91953125 0.1171875 0.1609375 0.1125
0 0.9640625 0.18984375 0.071875 0.1703125
0 0.90703125 0.278125 0.1109375 0.221875
0 0.86171875 0.30703125 0.1453125 0.2296875
0 0.690625 0.36484375 0.190625 0.234375
0 0.61796875 0.4 0.1234375 0.1625
3 0.70625 0.55859375 0.2078125 0.1890625
0 0.47265625 0.678125 0.1296875 0.10625
2 0.48671875 0.50078125 0.15625 0.121875
3 0.6234375 0.6234375 0.140625 0.2234375
3 0.7078125 0.6265625 0.14375 0.0875
3 0.45703125 0.8046875 0.128125 0.096875
3 0.41796875 0.8234375 0.090625 0.0890625
1 0.38203125 0.45078125 0.05625 0.059375
0 0.5453125 0.04609375 0.075 0.0921875
0 0.48515625 0.14765625 0.121875 0.1703125
0 0.37109375 0.7671875 0.0828125 0.0765625
3 0.34921875 0.84765625 0.0984375 0.078125
0 0.31015625 0.76171875 0.0796875 0.0796875
1 0.2765625 0.8015625 0.065625 0.05
0 0.30078125 0.85390625 0.06875 0.0828125
3 0.25390625 0.865625 0.0921875 0.0765625
1 0.21796875 0.88984375 0.0640625 0.0375
0 0.20078125 0.9109375 0.0484375 0.040625
1 0.24296875 0.80546875 0.0296875 0.034375
1 0.23125 0.7875 0.034375 0.040625
1 0.2078125 0.7859375 0.0203125 0.0265625
2 0.2921875 0.68125 0.14375 0.103125
2 0.2203125 0.67421875 0.025 0.053125
2 0.2015625 0.68671875 0.04375 0.075
3 0.2125 0.83828125 0.053125 0.059375
3 0.1734375 0.86796875 0.0390625 0.0375
3 0.25859375 0.74609375 0.046875 0.046875
2 0.10546875 0.87890625 0.05625 0.1078125
2 0.11953125 0.7421875 0.071875 0.13125
2 0.0796875 0.878125 0.0265625 0.090625
2 0.1625 0.63515625 0.0515625 0.0953125
2 0.165625 0.715625 0.040625 0.059375
2 0.1765625 0.67890625 0.025 0.0546875
2 0.1828125 0.7359375 0.059375 0.04375
0 0.1828125 0.78359375 0.0359375 0.0328125
0 0.17265625 0.82109375 0.0296875 0.034375
3 0.1109375 0.8828125 0.0265625 0.028125
0 0.1609375 0.91875 0.0265625 0.0296875
2 0.26953125 0.5453125 0.1796875 0.184375
1 0.48671875 0.60625 0.059375 0.0484375
0 0.44453125 0.23046875 0.05625 0.059375
0 0.39921875 0.31328125 0.0609375 0.1
3 0.32734375 0.41171875 0.05625 0.0953125
3 0.36171875 0.34453125 0.071875 0.1078125
3 0.15546875 0.878125 0.0328125 0.03125
1 0.16640625 0.79140625 0.0203125 0.015625
0 0.13984375 0.6328125 0.0140625 0.028125
