2 0.53828125 0.30625 0.0765625 0.12890625
2 0.7125 0.346875 0.06875 0.10234375
1 0.03984375 0.71015625 0.0734375 0.125
1 0.40703125 0.45234375 0.0765625 0.0875
3 0.03984375 0.8625 0.0765625 0.19609375
0 0.1 0.93203125 0.15 0.11875
0 0.2046875 0.85703125 0.2125 0.07265625
0 0.24140625 0.81796875 0.2140625 0.10625
0 0.33125 0.66171875 0.209375 0.15234375
0 0.3796875 0.596875 0.146875 0.09765625
3 0.51796875 0.71328125 0.1578125 0.18125
0 0.68046875 0.50703125 0.0859375 0.11484375
2 0.503125 0.48671875 0.096875 0.13984375
3 0.59765625 0.64453125 0.2078125 0.10234375
3 0.584375 0.728125 0.0625 0.13515625
3 0.80703125 0.515625 0.0765625 0.11484375
3 0.8328125 0.48125 0.075 0.07890625
1 0.47421875 0.375 0.0515625 0.04609375
0 0.04453125 0.45859375 0.0859375 0.05859375
0 0.15703125 0.41796875 0.1546875 0.09375
0 0.78671875 0.42421875 0.0640625 0.07265625
3 0.8703125 0.41875 0.0625 0.0875
0 0.79296875 0.36328125 0.0671875 0.06875
1 0.83828125 0.33828125 0.0390625 0.06015625
0 0.88515625 0.371875 0.0734375 0.05625
3 0.90625 0.328125 0.0625 0.08125
1 0.93671875 0.29765625 0.0265625 0.05859375
0 0.96015625 0.284375 0.0328125 0.04375
1 0.84921875 0.30625 0.0296875 0.025
1 0.83359375 0.29140625 0.0359375 0.02890625
1 0.83671875 0.26796875 0.0234375 0.01484375
2 0.71796875 0.33046875 0.0796875 0.13125
2 0.72421875 0.25859375 0.0515625 0.01640625
2 0.73984375 0.24296875 0.0703125 0.03125
3 0.88671875 0.28203125 0.0515625 0.04375
3 0.9234375 0.25 0.03125 0.03359375
3 0.7875 0.31015625 0.040625 0.04140625
2 0.946875 0.18515625 0.103125 0.0375
2 0.81015625 0.17265625 0.1234375 0.05
2 0.9515625 0.159375 0.090625 0.01015625
2 0.696875 0.19453125 0.090625 0.03515625
2 0.77578125 0.21328125 0.0546875 0.03125
2 0.7375 0.21640625 0.053125 0.01640625
2 0.7921875 0.23359375 0.034375 0.05390625
0 0.8390625 0.24296875 0.028125 0.03125
0 0.87734375 0.23984375 0.0296875 0.025
3 0.95 0.19140625 0.025 0.02109375
0 0.97578125 0.246875 0.0265625 0.02265625
2 0.58828125 0.28203125 0.1578125 0.15234375
1 0.60703125 0.50703125 0.0390625 0.05234375
0 0.24609375 0.39453125 0.0515625 0.04765625
0 0.3359375 0.365625 0.09375 0.04375
3 0.44609375 0.31328125 0.0890625 0.03984375
3 0.3734375 0.334375 0.1 0.05234375
3 0.93671875 0.23359375 0.0265625 0.02890625
1 0.85 0.228125 0.0125 0.01875
0 0.69921875 0.171875 0.0265625 0.01015625
