0 0.04296875 0.29609375 0.0859375 0.06328125
0 0.11328125 0.2953125 0.0640625 0.046875
0 0.1921875 0.26796875 0.053125 0.03046875
3 0.1140625 0.2671875 0.084375 0.05625
0 0.21171875 0.29140625 0.0828125 0.04921875
3 0.3453125 0.27734375 0.071875 0.06796875
1 0.4078125 0.2890625 0.04375 0.03984375
3 0.45234375 0.2765625 0.0515625 0.0515625
0 0.48359375 0.28828125 0.0609375 0.0375
0 0.546875 0.28828125 0.05625 0.0328125
1 0.56640625 0.27265625 0.0265625 0.01171875
1 0.59609375 0.271875 0.0234375 0.0140625
0 0.61484375 0.2859375 0.0515625 0.028125
1 0.6515625 0.28671875 0.0125 0.02578125
0 0.66796875 0.284375 0.0296875 0.02578125
1 0.69296875 0.28359375 0.0140625 0.0234375
3 0.64609375 0.2703125 0.0359375 0.02109375
1 0.70546875 0.27890625 0.0140625 0.028125
1 0.71796875 0.2765625 0.0171875 0.028125
1 0.73828125 0.2796875 0.0171875 0.02578125
1 0.75625 0.27890625 0.01875 0.028125
3 0.703125 0.2625 0.034375 0.0140625
2 0.796875 0.2703125 0.040625 0.03515625
2 0.846875 0.26484375 0.025 0.01875
0 0.734375 0.25625 0.015625 0.00703125
0 0.39296875 0.45078125 0.0515625 0.02578125
1 0.44296875 0.43125 0.0140625 0.01875
0 0.4234375 0.46875 0.046875 0.0234375
1 0.5390625 0.43125 0.0125 0.0234375
1 0.54609375 0.41015625 0.0109375 0.01875
1 0.565625 0.43203125 0.01875 0.02109375
0 0.56015625 0.45546875 0.0390625 0.03046875
0 0.596875 0.41328125 0.015625 0.02109375
1 0.68671875 0.39921875 0.0140625 0.01640625
0 0.66796875 0.41015625 0.0109375 0.01875
1 0.68515625 0.38671875 0.0140625 0.01875
2 0.68984375 0.3640625 0.0328125 0.03515625
1 0.71875 0.34296875 0.009375 0.01640625
0 0.80078125 0.33359375 0.0109375 0.02578125
2 0.13671875 0.746875 0.1859375 0.159375
2 0.33125 0.5984375 0.16875 0.16171875
1 0.11875 0.9546875 0.05625 0.07734375
0 0.203125 0.92265625 0.14375 0.140625
1 0.2984375 0.9546875 0.034375 0.04921875
1 0.30859375 0.82578125 0.0671875 0.09140625
0 0.40859375 0.865625 0.0921875 0.11953125
0 0.3796875 0.7703125 0.0875 0.1078125
2 0.440625 0.89375 0.25625 0.19921875
0 0.5375 0.78203125 0.065625 0.075
0 0.45234375 0.69453125 0.0765625 0.04921875
3 0.47109375 0.76015625 0.0828125 0.11015625
1 0.5421875 0.67421875 0.040625 0.065625
1 0.55390625 0.7234375 0.0453125 0.0609375
0 0.54140625 0.6265625 0.0546875 0.05859375
0 0.61796875 0.86640625 0.0671875 0.13125
0 0.5953125 0.67109375 0.059375 0.05859375
0 0.61015625 0.73671875 0.0640625 0.09609375
0 0.5796875 0.5921875 0.053125 0.0515625
1 0.64296875 0.6390625 0.0328125 0.0609375
3 0.6234375 0.59140625 0.059375 0.10546875
1 0.78828125 0.63671875 0.0171875 0.046875
1 0.67265625 0.5078125 0.0203125 0.01875
2 0.7109375 0.68984375 0.134375 0.22734375
2 0.71484375 0.58203125 0.1015625 0.14296875
3 0.68359375 0.54921875 0.0578125 0.08671875
2 0.72265625 0.48984375 0.0359375 0.0375
2 0.79140625 0.4578125 0.0265625 0.03046875
2 0.89140625 0.43203125 0.0109375 0.03046875
2 0.7828125 0.55703125 0.03125 0.0609375
2 0.81796875 0.56640625 0.0828125 0.13125
2 0.8359375 0.4640625 0.028125 0.065625
0 0.74921875 0.4828125 0.0234375 0.0328125
1 0.80390625 0.4765625 0.0140625 0.02578125
1 0.8125 0.4921875 0.01875 0.01875
1 0.76328125 0.46640625 0.0171875 0.0234375
0 0.65703125 0.53984375 0.0265625 0.03984375
3 0.76640625 0.43671875 0.0515625 0.05859375
3 0.8703125 0.43359375 0.03125 0.0609375
0 0.80546875 0.51640625 0.0265625 0.03046875
1 0.815625 0.4125 0.0125 0.0234375
2 0.790625 0.3984375 0.046875 0.05625
2 0.8953125 0.35859375 0.01875 0.0421875
0 0.86015625 0.384375 0.0109375 0.01875
3 0.83828125 0.40390625 0.0203125 0.02578125
0 0.91875 0.35234375 0.009375 0.01640625
0 0.86015625 0.36171875 0.0171875 0.01640625
0 0.8953125 0.40625 0.01875 0.02109375
0 0.9046875 0.33359375 0.009375 0.01171875
0 0.8796875 0.34765625 0.0125 0.01640625
2 0.86953125 0.26015625 0.0203125 0.01875
0 0.76328125 0.25546875 0.0171875 0.009375
