0 0.20546875 0.0953125 0.0796875 0.096875
0 0.21953125 0.1640625 0.059375 0.071875
0 0.209375 0.246875 0.0421875 0.0578125
3 0.1921875 0.17109375 0.071875 0.09375
0 0.2359375 0.26171875 0.065625 0.090625
3 0.25 0.3953125 0.0828125 0.084375
1 0.27421875 0.45390625 0.0484375 0.0515625
3 0.271875 0.5 0.0609375 0.0609375
0 0.28984375 0.528125 0.05 0.0671875
0 0.30234375 0.58984375 0.04375 0.0625
1 0.29140625 0.6125 0.0171875 0.028125
1 0.296875 0.64140625 0.01875 0.0265625
0 0.31484375 0.65703125 0.0375 0.05625
1 0.32265625 0.69296875 0.0265625 0.0171875
0 0.32421875 0.709375 0.03125 0.034375
1 0.328125 0.73359375 0.0265625 0.01875
3 0.30546875 0.690625 0.028125 0.0390625
1 0.3265625 0.746875 0.0296875 0.0203125
1 0.3265625 0.759375 0.03125 0.0234375
1 0.334375 0.77890625 0.028125 0.021875
1 0.33671875 0.796875 0.03125 0.0234375
3 0.31015625 0.7484375 0.0203125 0.0359375
2 0.33671875 0.83828125 0.0421875 0.046875
2 0.3421875 0.88828125 0.0234375 0.028125
0 0.31015625 0.7796875 0.009375 0.0171875
0 0.4296875 0.40546875 0.0359375 0.05625
1 0.42109375 0.45859375 0.021875 0.0171875
0 0.453125 0.43125 0.0328125 0.05
1 0.440625 0.55234375 0.025 0.0171875
1 0.421875 0.5640625 0.0203125 0.0140625
1 0.446875 0.578125 0.025 0.0234375
0 0.46875 0.56796875 0.0390625 0.0453125
0 0.43515625 0.6125 0.025 0.0203125
1 0.440625 0.70390625 0.01875 0.0171875
0 0.446875 0.6828125 0.0203125 0.0140625
1 0.42734375 0.7046875 0.021875 0.0171875
2 0.40625 0.7140625 0.040625 0.0390625
1 0.3921875 0.746875 0.0171875 0.0125
0 0.4 0.82890625 0.0265625 0.015625
2 0.66484375 0.1 0.1953125 0.2
2 0.5609375 0.31484375 0.19375 0.1984375
1 0.865625 0.034375 0.0875 0.06875
0 0.8515625 0.121875 0.1671875 0.1703125
1 0.903125 0.20859375 0.05625 0.04375
1 0.77890625 0.2453125 0.103125 0.084375
0 0.83828125 0.334375 0.1359375 0.115625
0 0.7390625 0.32578125 0.1234375 0.1078125
2 0.87265625 0.36015625 0.2484375 0.2921875
0 0.78359375 0.478125 0.0875 0.0796875
0 0.68046875 0.41328125 0.0640625 0.0859375
3 0.7484375 0.41796875 0.1234375 0.103125
1 0.67890625 0.5046875 0.071875 0.053125
1 0.7296875 0.50625 0.06875 0.05625
0 0.63203125 0.5140625 0.06875 0.065625
0 0.8828125 0.5390625 0.1421875 0.09375
0 0.6875 0.5578125 0.0703125 0.0703125
0 0.7546875 0.55859375 0.1078125 0.0828125
0 0.60703125 0.55859375 0.0609375 0.0625
1 0.665625 0.6109375 0.0671875 0.0453125
3 0.61484375 0.6015625 0.115625 0.0796875
1 0.69375 0.75390625 0.05 0.0265625
1 0.54375 0.6671875 0.021875 0.0234375
2 0.7296875 0.6671875 0.2515625 0.178125
2 0.625 0.69296875 0.1625 0.1296875
3 0.5859375 0.66953125 0.096875 0.075
2 0.53671875 0.71953125 0.04375 0.0421875
2 0.51953125 0.79375 0.0359375 0.0328125
2 0.51484375 0.896875 0.0328125 0.0171875
2 0.61484375 0.76484375 0.065625 0.04375
2 0.63125 0.796875 0.1453125 0.1078125
2 0.534375 0.8359375 0.0703125 0.040625
0 0.53515625 0.74765625 0.0375 0.0296875
1 0.540625 0.80234375 0.028125 0.01875
1 0.55703125 0.80703125 0.021875 0.021875
1 0.521875 0.76484375 0.0265625 0.021875
0 0.571875 0.6453125 0.0453125 0.034375
3 0.49375 0.7734375 0.06875 0.0625
3 0.51171875 0.87578125 0.065625 0.04375
0 0.5796875 0.7953125 0.0359375 0.0328125
1 0.4796875 0.8265625 0.025 0.0171875
2 0.4609375 0.80546875 0.0640625 0.0578125
2 0.44375 0.91640625 0.0453125 0.0265625
0 0.46171875 0.8765625 0.0203125 0.0140625
3 0.4765625 0.85078125 0.028125 0.025
0 0.44296875 0.940625 0.0171875 0.0125
0 0.43984375 0.88125 0.01875 0.0203125
0 0.490625 0.90625 0.025 0.0234375
0 0.42109375 0.93046875 0.0140625 0.0125
0 0.4296875 0.903125 0.0171875 0.015625
2 0.3421875 0.9109375 0.021875 0.0234375
0 0.315625 0.80859375 0.0125 0.01875
