0 0.03046875 0.8546875 0.0609375 0.090625
0 0.41484375 0.87109375 0.065625 0.0796875
0 0.43671875 0.95546875 0.0765625 0.0828125
0 0.49296875 0.86015625 0.053125 0.0734375
0 0.57421875 0.7453125 0.015625 0.0203125
0 0.53515625 0.75625 0.01875 0.021875
0 0.51953125 0.7625 0.0171875 0.025
0 0.5515625 0.74453125 0.0140625 0.0171875
0 0.5625 0.73359375 0.0140625 0.015625
0 0.54765625 0.7359375 0.0140625 0.0171875
0 0.525 0.74296875 0.0171875 0.01875
1 0.52578125 0.815625 0.0265625 0.04375
1 0.540625 0.8515625 0.034375 0.0515625
1 0.53828125 0.77421875 0.021875 0.0265625
1 0.56640625 0.77578125 0.0203125 0.0265625
1 0.671875 0.99375 0.04375 0.0125
1 0.61328125 0.91640625 0.0421875 0.0796875
1 0.6359375 0.89765625 0.034375 0.059375
1 0.63515625 0.8671875 0.01875 0.01875
0 0.646875 0.95859375 0.078125 0.0828125
0 0.6375 0.8484375 0.040625 0.05
1 0.60625 0.7484375 0.0109375 0.0109375
1 0.6015625 0.76328125 0.0125 0.0171875
3 0.63125 0.746875 0.0234375 0.0234375
0 0.5859375 0.71875 0.0078125 0.0078125
2 0.57578125 0.71171875 0.0125 0.0234375
2 0.59921875 0.7296875 0.0140625 0.0203125
1 0.5359375 0.73203125 0.0125 0.015625
1 0.55 0.71796875 0.0109375 0.0140625
0 0.5578125 0.725 0.009375 0.0109375
2 0.496875 0.78125 0.053125 0.0765625
