1 0.01171875 0.94453125 0.0234375 0.06796875
0 0.09765625 0.9578125 0.0984375 0.0703125
0 0.50078125 0.88046875 0.0515625 0.0703125
0 0.540625 0.9578125 0.0625 0.0703125
0 0.57421875 0.85234375 0.0390625 0.065625
0 0.62734375 0.72265625 0.0109375 0.01875
0 0.5921875 0.74140625 0.015625 0.01875
0 0.578125 0.7515625 0.0125 0.0234375
0 0.60546875 0.7265625 0.0109375 0.01640625
0 0.61328125 0.71328125 0.0109375 0.0140625
0 0.59921875 0.71953125 0.0109375 0.01640625
0 0.57890625 0.73125 0.0140625 0.01640625
1 0.59609375 0.8015625 0.0171875 0.03984375
1 0.61875 0.83359375 0.025 0.046875
1 0.59921875 0.75859375 0.0171875 0.0234375
1 0.6265625 0.75390625 0.015625 0.0234375
1 0.78359375 0.965625 0.0328125 0.05390625
1 0.70390625 0.88046875 0.0265625 0.075
1 0.721875 0.85703125 0.021875 0.05625
1 0.7140625 0.82734375 0.015625 0.01640625
0 0.7484375 0.92109375 0.059375 0.08671875
0 0.7125 0.80859375 0.03125 0.04453125
1 0.659375 0.71796875 0.009375 0.009375
1 0.6578125 0.73359375 0.009375 0.01640625
3 0.68359375 0.7109375 0.0203125 0.01875
0 0.6328125 0.69375 0.00625 0.00703125
2 0.62109375 0.6890625 0.0078125 0.02109375
2 0.6484375 0.7015625 0.009375 0.01875
1 0.5875 0.71796875 0.009375 0.0140625
1 0.59765625 0.70078125 0.0078125 0.01171875
0 0.60703125 0.70625 0.0078125 0.009375
2 0.56015625 0.775 0.0390625 0.0703125
