1 0.08515625 0.396875 0.0359375 0.0609375
1 0.07578125 0.34296875 0.0296875 0.0375
1 0.04296875 0.315625 0.0328125 0.04921875
1 0.10390625 0.2015625 0.0296875 0.046875
1 0.11640625 0.1828125 0.0296875 0.046875
0 0.078125 0.97734375 0.059375 0.02578125
1 0.040625 0.69609375 0.05 0.04453125
0 0.1078125 0.12109375 0.05 0.05390625
2 0.01484375 0.0140625 0.0296875 0.028125
2 0.0546875 0.0140625 0.046875 0.028125
2 0.12109375 0.03515625 0.0890625 0.0703125
2 0.17109375 0.1140625 0.0921875 0.09609375
2 0.1875 0.08828125 0.078125 0.09140625
2 0.26875 0.12421875 0.096875 0.1359375
2 0.38515625 0.1921875 0.1296875 0.1171875
1 0.37109375 0.24609375 0.0234375 0.0328125
3 0.3328125 0.22265625 0.059375 0.05625
3 0.25234375 0.20390625 0.0734375 0.065625
3 0.19375 0.1828125 0.053125 0.0609375
1 0.46171875 0.178125 0.0296875 0.028125
1 0.47109375 0.20625 0.0359375 0.0375
3 0.525 0.18671875 0.065625 0.04453125
1 0.63359375 0.234375 0.0296875 0.046875
2 0.62265625 0.1890625 0.1046875 0.09609375
1 0.696875 0.07734375 0.015625 0.0328125
1 0.7359375 0.1 0.021875 0.03515625
2 0.75390625 0.04921875 0.0546875 0.0796875
0 0.76015625 0.01171875 0.0234375 0.0234375
2 0.5453125 0.25390625 0.125 0.0796875
1 0.571875 0.3015625 0.034375 0.04453125
0 0.43828125 0.315625 0.0515625 0.03515625
1 0.4203125 0.35078125 0.0375 0.03515625
1 0.46328125 0.3484375 0.0421875 0.04453125
1 0.453125 0.4015625 0.034375 0.05625
1 0.409375 0.39453125 0.021875 0.0375
1 0.38828125 0.3953125 0.0203125 0.04453125
1 0.38046875 0.43046875 0.0265625 0.05859375
1 0.40859375 0.428125 0.0234375 0.04453125
1 0.15234375 0.59609375 0.0453125 0.046875
1 0.20234375 0.575 0.0203125 0.0609375
1 0.25390625 0.803125 0.0421875 0.0515625
1 0.34921875 0.80546875 0.0421875 0.0421875
1 0.2125 0.7796875 0.05 0.0984375
0 0.13203125 0.35546875 0.0484375 0.07265625
1 0.17421875 0.33671875 0.0421875 0.04921875
1 0.215625 0.32421875 0.01875 0.0375
1 0.14921875 0.41328125 0.0265625 0.0375
0 0.30078125 0.265625 0.0609375 0.0609375
2 0.31640625 0.465625 0.1265625 0.18515625
1 0.41875 0.47734375 0.03125 0.05859375
1 0.44609375 0.47734375 0.0203125 0.03984375
1 0.4875 0.44921875 0.04375 0.06796875
1 0.47734375 0.51796875 0.0421875 0.06328125
1 0.50625 0.32421875 0.03125 0.0421875
0 0.52734375 0.4328125 0.0734375 0.08671875
0 0.44765625 0.58359375 0.0796875 0.09609375
0 0.36953125 0.64765625 0.0703125 0.1078125
1 0.46328125 0.66328125 0.0453125 0.07265625
0 0.30390625 0.72265625 0.0609375 0.140625
1 0.3015625 0.8390625 0.0625 0.06328125
1 0.33828125 0.88046875 0.0421875 0.0890625
1 0.38203125 0.8640625 0.0484375 0.0796875
1 0.36015625 0.9609375 0.0640625 0.05859375
1 0.4234375 0.91640625 0.05 0.08671875
1 0.45234375 0.815625 0.0546875 0.08671875
1 0.5140625 0.86015625 0.059375 0.07734375
1 0.4734375 0.9625 0.059375 0.0609375
1 0.58671875 0.9140625 0.0578125 0.08671875
1 0.61953125 0.96953125 0.0609375 0.046875
2 0.6015625 0.83828125 0.2 0.27734375
1 0.57578125 0.7125 0.0546875 0.06796875
0 0.5953125 0.6609375 0.0875 0.10078125
0 0.53359375 0.52734375 0.0796875 0.09140625
1 0.52265625 0.565625 0.0484375 0.065625
1 0.5390625 0.6328125 0.025 0.05859375
1 0.60546875 0.58125 0.0484375 0.07734375
3 0.61640625 0.534375 0.0984375 0.12421875
2 0.82421875 0.86640625 0.2546875 0.25390625
1 0.69140625 0.67578125 0.0484375 0.0609375
0 0.81328125 0.70859375 0.0921875 0.1078125
0 0.84453125 0.67734375 0.0984375 0.11953125
1 0.88203125 0.79921875 0.0515625 0.07734375
2 0.77265625 0.3171875 0.0984375 0.1546875
2 0.8625 0.178125 0.075 0.15
2 0.74453125 0.1828125 0.0671875 0.1359375
2 0.67578125 0.27734375 0.0984375 0.1546875
3 0.721875 0.3203125 0.05625 0.08671875
2 0.80078125 0.19609375 0.0671875 0.10546875
2 0.9171875 0.10078125 0.046875 0.103125
2 0.81640625 0.065625 0.0609375 0.0984375
2 0.8890625 0.03671875 0.05 0.07265625
