1 0.63203125 0.90625 0.0640625 0.040625
1 0.6859375 0.9125 0.0390625 0.0328125
1 0.715625 0.94296875 0.0515625 0.0359375
1 0.825 0.87421875 0.0484375 0.0328125
1 0.84296875 0.86015625 0.0484375 0.0328125
0 0.053125 0.95390625 0.0296875 0.0609375
1 0.33671875 0.971875 0.046875 0.053125
0 0.90546875 0.86484375 0.05625 0.053125
2 0.97578125 0.8453125 0.0484375 0.09375
2 0.9078125 0.8015625 0.103125 0.0984375
2 0.9328125 0.7828125 0.0953125 0.084375
2 0.890625 0.7046875 0.1421875 0.10625
2 0.81484375 0.59296875 0.1265625 0.1375
1 0.7625 0.6109375 0.034375 0.025
3 0.78828125 0.64765625 0.0609375 0.0625
3 0.8125 0.7265625 0.0703125 0.078125
3 0.8375 0.78359375 0.0640625 0.0578125
1 0.8234375 0.515625 0.0296875 0.03125
1 0.7953125 0.50859375 0.040625 0.0390625
3 0.8109375 0.453125 0.0484375 0.06875
1 0.75546875 0.3484375 0.0484375 0.0328125
2 0.8015625 0.35625 0.1046875 0.1109375
1 0.9078125 0.27421875 0.034375 0.0171875
1 0.8828125 0.23671875 0.0359375 0.025
2 0.93203125 0.215625 0.0828125 0.059375
0 0.96875 0.20625 0.025 0.025
2 0.7421875 0.4375 0.0875 0.1296875
1 0.69296875 0.41484375 0.0453125 0.0375
0 0.68828125 0.5484375 0.0375 0.053125
1 0.6546875 0.56875 0.0375 0.0390625
1 0.65390625 0.52578125 0.046875 0.0453125
1 0.6015625 0.53984375 0.0578125 0.0375
1 0.61171875 0.5828125 0.0390625 0.025
1 0.6125 0.60390625 0.0453125 0.0234375
1 0.57734375 0.6140625 0.0609375 0.03125
1 0.578125 0.5859375 0.0453125 0.0265625
1 0.428125 0.853125 0.05 0.0484375
1 0.44609375 0.80234375 0.0625 0.025
1 0.21484375 0.76640625 0.0546875 0.0453125
1 0.20546875 0.671875 0.0453125 0.0453125
1 0.24140625 0.80625 0.1015625 0.05625
0 0.66953125 0.85703125 0.075 0.053125
1 0.6859375 0.81328125 0.053125 0.0453125
1 0.6953125 0.77109375 0.0390625 0.021875
1 0.6109375 0.84375 0.0390625 0.0296875
0 0.74765625 0.68203125 0.065625 0.065625
2 0.546875 0.68046875 0.1921875 0.1390625
1 0.528125 0.5796875 0.0609375 0.0359375
1 0.5265625 0.55234375 0.0421875 0.0234375
1 0.5515625 0.50859375 0.071875 0.0484375
1 0.48359375 0.52421875 0.065625 0.046875
1 0.675 0.48125 0.04375 0.034375
0 0.56484375 0.46796875 0.0921875 0.0796875
0 0.4203125 0.5578125 0.1015625 0.0859375
0 0.36171875 0.640625 0.1125 0.078125
1 0.33984375 0.54765625 0.075 0.05
0 0.29140625 0.7109375 0.1453125 0.0703125
1 0.17578125 0.721875 0.0671875 0.0671875
1 0.13203125 0.6875 0.0921875 0.0484375
1 0.1453125 0.64296875 0.0828125 0.053125
1 0.05 0.671875 0.0640625 0.06875
1 0.08984375 0.60546875 0.090625 0.05625
1 0.18828125 0.56953125 0.090625 0.0609375
1 0.13984375 0.5109375 0.0828125 0.0640625
1 0.040625 0.55859375 0.065625 0.0640625
1 0.08125 0.4421875 0.090625 0.0640625
1 0.02421875 0.41328125 0.0484375 0.0640625
2 0.15546875 0.42265625 0.290625 0.21875
1 0.2828125 0.4390625 0.071875 0.059375
0 0.3328125 0.41640625 0.10625 0.09375
0 0.4703125 0.46875 0.0953125 0.0859375
1 0.4328125 0.48203125 0.06875 0.053125
1 0.36484375 0.4703125 0.0609375 0.0296875
1 0.41171875 0.40078125 0.08125 0.053125
3 0.4578125 0.3859375 0.13125 0.10625
2 0.1234375 0.2015625 0.246875 0.271875
1 0.3109375 0.32109375 0.0640625 0.053125
0 0.2703125 0.20234375 0.1140625 0.1
0 0.29921875 0.16875 0.125 0.10625
1 0.175 0.13984375 0.08125 0.05625
2 0.66328125 0.215625 0.1609375 0.109375
2 0.79609375 0.115625 0.1546875 0.0859375
2 0.79921875 0.23359375 0.140625 0.0765625
2 0.71015625 0.309375 0.1609375 0.109375
3 0.6640625 0.26640625 0.090625 0.0625
2 0.78203125 0.17890625 0.1109375 0.075
2 0.86953125 0.05625 0.10625 0.0546875
2 0.9109375 0.15390625 0.103125 0.0671875
2 0.93515625 0.0796875 0.075 0.0546875
