2 0.0890625 0.74765625 0.178125 0.4578125
0 0.49375 0.9484375 0.15625 0.08984375
0 0.28984375 0.87109375 0.1390625 0.19140625
0 0.4796875 0.796875 0.121875 0.16015625
0 0.19921875 0.66171875 0.0578125 0.14375
0 0.49453125 0.67109375 0.1015625 0.125
3 0.275 0.703125 0.1 0.16953125
3 0.3046875 0.64296875 0.096875 0.1296875
3 0.19765625 0.553125 0.0734375 0.1109375
0 0.37265625 0.5875 0.0828125 0.09921875
1 0.47890625 0.57421875 0.0671875 0.0875
2 0.34609375 0.465625 0.1046875 0.1625
3 0.484375 0.53671875 0.078125 0.115625
0 0.47109375 0.50859375 0.0671875 0.0828125
3 0.23515625 0.47734375 0.0703125 0.096875
0 0.47109375 0.4578125 0.0609375 0.0328125
3 0.2546875 0.43125 0.0625 0.08515625
1 0.21328125 0.4 0.0296875 0.0828125
0 0.209375 0.31484375 0.034375 0.04453125
2 0.28203125 0.36875 0.1078125 0.1578125
3 0.37578125 0.37890625 0.0671875 0.115625
0 0.45625 0.44375 0.05625 0.06640625
0 0.4609375 0.40234375 0.0625 0.0640625
2 0.36484375 0.31015625 0.0640625 0.03984375
0 0.45703125 0.35703125 0.0484375 0.02578125
2 0.296875 0.278125 0.065625 0.028125
3 0.453125 0.26640625 0.05 0.06640625
2 0.375 0.19453125 0.0375 0.04921875
2 0.40859375 0.1875 0.0359375 0.03984375
3 0.38046875 0.2390625 0.0265625 0.02109375
2 0.340625 0.225 0.040625 0.03984375
3 0.859375 0.928125 0.1875 0.1296875
3 0.80234375 0.77578125 0.1453125 0.2078125
0 0.90703125 0.7734375 0.1390625 0.19375
0 0.96484375 0.74296875 0.0640625 0.16015625
0 0.72578125 0.69140625 0.1046875 0.14609375
3 0.83359375 0.63359375 0.1296875 0.1109375
0 0.93125 0.6390625 0.10625 0.09921875
0 0.96875 0.56015625 0.059375 0.115625
0 0.67890625 0.590625 0.0890625 0.0828125
0 0.784375 0.553125 0.090625 0.1109375
0 0.88984375 0.57890625 0.0890625 0.06875
3 0.65703125 0.5203125 0.0921875 0.1109375
0 0.73203125 0.525 0.0671875 0.0921875
0 0.8546875 0.5390625 0.084375 0.0734375
0 0.8609375 0.5015625 0.084375 0.078125
3 0.71484375 0.4578125 0.0703125 0.07578125
0 0.81796875 0.4515625 0.0734375 0.0734375
0 0.6953125 0.4125 0.05 0.08046875
3 0.7953125 0.4234375 0.059375 0.0921875
0 0.75390625 0.3984375 0.0359375 0.07109375
3 0.6171875 0.42890625 0.04375 0.06640625
0 0.628125 0.47421875 0.05625 0.0421875
0 0.5859375 0.40078125 0.04375 0.05625
0 0.6578125 0.4046875 0.034375 0.0640625
2 0.65625 0.3359375 0.078125 0.115625
2 0.57109375 0.32109375 0.0703125 0.09453125
2 0.56640625 0.20546875 0.0390625 0.06640625
