2 0.31953125 0.0890625 0.4796875 0.178125
0 0.0578125 0.4234375 0.1140625 0.16875
0 0.16640625 0.234375 0.209375 0.1671875
0 0.21015625 0.43359375 0.1765625 0.1453125
0 0.3875 0.17734375 0.1515625 0.0796875
0 0.33203125 0.46796875 0.1390625 0.1203125
3 0.334375 0.24609375 0.1828125 0.125
3 0.3890625 0.284375 0.14375 0.115625
3 0.49453125 0.19296875 0.1203125 0.090625
0 0.43359375 0.36015625 0.1125 0.096875
1 0.4296875 0.4671875 0.096875 0.0796875
2 0.5578125 0.353125 0.1765625 0.128125
3 0.46640625 0.47890625 0.1265625 0.0953125
0 0.49609375 0.4703125 0.0921875 0.0796875
3 0.5640625 0.2421875 0.10625 0.084375
0 0.54609375 0.478125 0.0421875 0.065625
3 0.60625 0.26875 0.09375 0.075
1 0.64375 0.2328125 0.0859375 0.0421875
0 0.728125 0.2421875 0.0484375 0.040625
2 0.6640625 0.30546875 0.1734375 0.13125
3 0.6390625 0.39609375 0.125 0.084375
0 0.5625 0.465625 0.0734375 0.065625
0 0.60234375 0.4765625 0.0734375 0.071875
2 0.70859375 0.39609375 0.05 0.0703125
0 0.64765625 0.4796875 0.0328125 0.0515625
2 0.75078125 0.334375 0.0375 0.06875
3 0.73828125 0.490625 0.071875 0.059375
2 0.82109375 0.42421875 0.0546875 0.0453125
2 0.82265625 0.45859375 0.0453125 0.0421875
3 0.7765625 0.42265625 0.025 0.0296875
2 0.796875 0.3859375 0.046875 0.046875
3 0.05 0.7875 0.1 0.20625
3 0.18046875 0.75546875 0.228125 0.1765625
0 0.16640625 0.859375 0.2125 0.1671875
0 0.1875 0.92109375 0.1671875 0.0875
0 0.27578125 0.69296875 0.1609375 0.1265625
3 0.315625 0.80859375 0.1296875 0.1453125
0 0.2953125 0.90390625 0.115625 0.1203125
0 0.3671875 0.95390625 0.1234375 0.0765625
0 0.3828125 0.6625 0.0953125 0.1015625
0 0.403125 0.77265625 0.1234375 0.10625
0 0.3609375 0.87265625 0.08125 0.0984375
3 0.45546875 0.6515625 0.1234375 0.1078125
0 0.4390625 0.725 0.1015625 0.08125
0 0.40625 0.84453125 0.0859375 0.0953125
0 0.4421875 0.85625 0.090625 0.0953125
3 0.5078125 0.71875 0.084375 0.08125
0 0.4984375 0.821875 0.084375 0.084375
0 0.55625 0.70625 0.0875 0.0625
3 0.5296875 0.80390625 0.1 0.0734375
0 0.5609375 0.76640625 0.0765625 0.046875
3 0.5515625 0.6265625 0.071875 0.053125
0 0.50546875 0.63046875 0.05 0.0625
0 0.584375 0.60078125 0.0625 0.0515625
0 0.56953125 0.67109375 0.06875 0.04375
2 0.6375 0.6796875 0.1265625 0.0953125
2 0.665625 0.5984375 0.103125 0.084375
2 0.78046875 0.61171875 0.0703125 0.0484375
