2 0.68515625 0.796875 0.1640625 0.39375
0 0.45546875 0.925 0.1234375 0.14609375
0 0.84140625 0.83125 0.1578125 0.1875
1 0.73671875 0.72265625 0.0203125 0.05390625
1 0.71953125 0.61953125 0.0328125 0.04375
3 0.4734375 0.77734375 0.08125 0.1375
3 0.540625 0.64609375 0.059375 0.12890625
3 0.4828125 0.56484375 0.053125 0.09140625
2 0.61953125 0.578125 0.1046875 0.18984375
1 0.53515625 0.56796875 0.0328125 0.02734375
0 0.66328125 0.53125 0.0421875 0.05390625
3 0.54140625 0.51875 0.0390625 0.08359375
1 0.50546875 0.509375 0.0234375 0.04375
3 0.50390625 0.47421875 0.0296875 0.03984375
0 0.64296875 0.484375 0.0359375 0.03984375
0 0.553125 0.46875 0.028125 0.025
3 0.609375 0.4625 0.040625 0.04609375
0 0.58671875 0.45703125 0.0234375 0.03125
0 0.67734375 0.47109375 0.0390625 0.0375
0 0.7125 0.44921875 0.034375 0.03125
3 0.52109375 0.45 0.0296875 0.05
3 0.55390625 0.440625 0.0234375 0.03125
2 0.65625 0.42109375 0.075 0.0625
2 0.59140625 0.415625 0.0390625 0.05625
3 0.53515625 0.42109375 0.0203125 0.025
2 0.57421875 0.38828125 0.0265625 0.02734375
0 0.528125 0.41484375 0.015625 0.01640625
2 0.540625 0.33046875 0.009375 0.01015625
2 0.61484375 0.38359375 0.0390625 0.0125
2 0.51796875 0.346875 0.0140625 0.01875
0 0.15078125 0.928125 0.2015625 0.13984375
0 0.1234375 0.82421875 0.165625 0.15625
3 0.15078125 0.690625 0.1390625 0.13515625
0 0.32265625 0.69296875 0.0859375 0.10234375
0 0.296875 0.62734375 0.0875 0.075
0 0.253125 0.603125 0.0875 0.06875
0 0.38359375 0.584375 0.0578125 0.05625
0 0.3640625 0.55234375 0.05625 0.04609375
0 0.315625 0.540625 0.0625 0.04765625
2 0.1046875 0.546875 0.209375 0.16015625
3 0.35390625 0.49296875 0.0515625 0.04765625
1 0.3015625 0.515625 0.034375 0.04375
1 0.240625 0.559375 0.0375 0.04765625
0 0.3796875 0.51328125 0.046875 0.03984375
3 0.43515625 0.48828125 0.0359375 0.04375
0 0.40625 0.484375 0.034375 0.03125
3 0.41796875 0.453125 0.0359375 0.03125
0 0.45859375 0.44765625 0.0234375 0.025
2 0.41953125 0.421875 0.0484375 0.04375
2 0.39140625 0.41171875 0.0390625 0.02734375
2 0.409375 0.390625 0.025 0.01484375
1 0.4609375 0.42421875 0.015625 0.01875
0 0.4515625 0.40703125 0.0125 0.01875
0 0.4671875 0.41640625 0.015625 0.01640625
0 0.47578125 0.4 0.0140625 0.0125
3 0.471875 0.38828125 0.0125 0.01875
0 0.4640625 0.38046875 0.009375 0.01015625
1 0.4484375 0.38828125 0.003125 0.00625
0 0.43046875 0.37734375 0.0140625 0.0125
