2 0.2609375 0.24453125 0.4234375 0.2609375
0 0.08203125 0.43203125 0.1640625 0.1578125
0 0.26875 0.0921875 0.221875 0.184375
1 0.34609375 0.2140625 0.05625 0.0328125
1 0.44140625 0.25703125 0.05 0.04375
3 0.225 0.45390625 0.153125 0.1140625
3 0.36953125 0.42265625 0.1390625 0.090625
3 0.4328125 0.5 0.1015625 0.075
2 0.45546875 0.3640625 0.2109375 0.15
1 0.44375 0.4484375 0.0359375 0.0390625
0 0.51171875 0.334375 0.0625 0.0546875
3 0.49296875 0.45546875 0.0921875 0.059375
1 0.4921875 0.4921875 0.0484375 0.034375
3 0.52578125 0.503125 0.046875 0.0390625
0 0.55234375 0.365625 0.0484375 0.0453125
0 0.54375 0.45703125 0.03125 0.034375
3 0.56484375 0.40390625 0.05625 0.0515625
0 0.5640625 0.42734375 0.0359375 0.03125
0 0.5734375 0.3359375 0.046875 0.046875
0 0.60390625 0.3078125 0.0390625 0.040625
3 0.55390625 0.4921875 0.05625 0.0421875
3 0.57109375 0.46328125 0.0359375 0.03125
2 0.61640625 0.36953125 0.0796875 0.0890625
2 0.60546875 0.43359375 0.0640625 0.0515625
3 0.58515625 0.48671875 0.0296875 0.0265625
2 0.62734375 0.45703125 0.034375 0.0328125
0 0.58984375 0.49453125 0.01875 0.01875
2 0.67421875 0.5046875 0.0109375 0.0109375
2 0.6421875 0.41953125 0.021875 0.040625
2 0.65234375 0.52265625 0.021875 0.01875
0 0.04453125 0.7265625 0.0890625 0.23125
0 0.09296875 0.7796875 0.1859375 0.2
3 0.22578125 0.78828125 0.165625 0.16875
0 0.26796875 0.62109375 0.121875 0.109375
0 0.32421875 0.66328125 0.0953125 0.1046875
0 0.33671875 0.71171875 0.0890625 0.1015625
0 0.38828125 0.590625 0.06875 0.0703125
0 0.4140625 0.61796875 0.059375 0.0671875
0 0.41328125 0.6671875 0.0609375 0.071875
2 0.35234375 0.86953125 0.2078125 0.24375
3 0.46875 0.64296875 0.059375 0.0625
1 0.43359375 0.6875 0.0515625 0.04375
1 0.37578125 0.73515625 0.0546875 0.0484375
0 0.45625 0.6125 0.0515625 0.05625
3 0.49453125 0.565625 0.0515625 0.0453125
0 0.490625 0.59453125 0.0390625 0.040625
3 0.52421875 0.59140625 0.0390625 0.0421875
0 0.53984375 0.55390625 0.0296875 0.0296875
2 0.5546875 0.59765625 0.0546875 0.0578125
2 0.55703125 0.628125 0.0375 0.0453125
2 0.58203125 0.615625 0.021875 0.028125
1 0.56328125 0.55703125 0.021875 0.0203125
0 0.57734375 0.57109375 0.021875 0.0171875
0 0.571875 0.553125 0.01875 0.01875
0 0.590625 0.54921875 0.015625 0.0171875
3 0.60078125 0.55625 0.021875 0.0171875
0 0.60625 0.565625 0.0109375 0.0109375
1 0.59453125 0.57890625 0.00625 0.0046875
0 0.60078125 0.59921875 0.015625 0.0171875
