0 0.56953125 0.87265625 0.1328125 0.24296875
0 0.6890625 0.80859375 0.1625 0.37109375
0 0.7890625 0.83359375 0.15625 0.31484375
1 0.52890625 0.68984375 0.0765625 0.13359375
0 0.61171875 0.6109375 0.0890625 0.18359375
0 0.52578125 0.59375 0.0796875 0.1546875
1 0.66875 0.5578125 0.0625 0.1484375
1 0.49609375 0.48671875 0.0421875 0.0953125
0 0.578125 0.49296875 0.071875 0.13046875
1 0.63515625 0.475 0.0453125 0.0953125
3 0.50234375 0.4078125 0.0515625 0.15703125
1 0.546875 0.37265625 0.03125 0.07421875
1 0.609375 0.4125 0.046875 0.065625
0 0.60234375 0.37109375 0.0484375 0.059375
0 0.57265625 0.328125 0.0421875 0.06796875
0 0.5296875 0.3265625 0.034375 0.053125
1 0.61015625 0.325 0.0265625 0.0625
1 0.6046875 0.2984375 0.025 0.05078125
0 0.5140625 0.30234375 0.03125 0.04765625
0 0.515625 0.271875 0.028125 0.03828125
2 0.565625 0.2390625 0.046875 0.10390625
3 0.51796875 0.22421875 0.0234375 0.03828125
2 0.525 0.11875 0.021875 0.053125
1 0.70859375 0.57578125 0.0171875 0.0890625
1 0.67109375 0.4703125 0.0296875 0.03828125
1 0.75234375 0.6453125 0.0421875 0.0625
1 0.86640625 0.828125 0.0609375 0.13046875
1 0.81640625 0.7375 0.0390625 0.10390625
1 0.7890625 0.640625 0.025 0.04140625
1 0.71015625 0.48671875 0.0171875 0.059375
1 0.74140625 0.5953125 0.0203125 0.05078125
1 0.13828125 0.4359375 0.0234375 0.059375
