0 0.1265625 0.43671875 0.2453125 0.1375
0 0.18828125 0.31640625 0.375 0.16875
0 0.16171875 0.2171875 0.31875 0.1625
1 0.309375 0.47421875 0.1359375 0.078125
0 0.3875 0.390625 0.1859375 0.0921875
0 0.40546875 0.47578125 0.15625 0.0828125
1 0.4390625 0.33203125 0.15 0.065625
1 0.51328125 0.50390625 0.0953125 0.04375
0 0.50546875 0.421875 0.1328125 0.0734375
1 0.52265625 0.3640625 0.0953125 0.046875
3 0.5921875 0.49609375 0.1578125 0.0546875
1 0.6265625 0.45078125 0.075 0.0328125
1 0.5859375 0.3890625 0.0671875 0.0484375
0 0.62734375 0.3953125 0.0609375 0.05
0 0.6703125 0.42421875 0.06875 0.04375
0 0.67265625 0.4671875 0.053125 0.0359375
1 0.6734375 0.38671875 0.0625 0.028125
1 0.7 0.3921875 0.05 0.0265625
0 0.69765625 0.4828125 0.046875 0.0328125
0 0.728125 0.48046875 0.0375 0.028125
2 0.759375 0.4296875 0.1046875 0.0484375
3 0.77578125 0.47734375 0.0375 0.0234375
2 0.88046875 0.46796875 0.053125 0.0234375
1 0.4203125 0.29296875 0.0890625 0.01875
1 0.5265625 0.328125 0.0375 0.0296875
1 0.35 0.25 0.0625 0.04375
1 0.165625 0.1390625 0.1328125 0.0625
1 0.25703125 0.1875 0.103125 0.040625
1 0.3546875 0.21328125 0.040625 0.025
1 0.509375 0.28984375 0.059375 0.01875
1 0.40078125 0.26015625 0.05 0.021875
1 0.5703125 0.86015625 0.059375 0.025
