3 0.2640625 0.7984375 0.23359375 0.1375
1 0.07734375 0.7140625 0.1015625 0.059375
1 0.0640625 0.77109375 0.08671875 0.0734375
0 0.2203125 0.63984375 0.10546875 0.0484375
1 0.33515625 0.70859375 0.0578125 0.0328125
1 0.41171875 0.6390625 0.05390625 0.046875
1 0.28125 0.64609375 0.05 0.0453125
3 0.33359375 0.58984375 0.1203125 0.0359375
3 0.2671875 0.60546875 0.140625 0.0390625
3 0.5484375 0.61640625 0.0828125 0.0484375
1 0.44609375 0.5921875 0.03125 0.034375
1 0.48046875 0.5875 0.02890625 0.034375
0 0.44609375 0.5625 0.08046875 0.021875
1 0.1296875 0.62890625 0.0390625 0.0265625
0 0.6375 0.5765625 0.05 0.028125
0 0.59609375 0.56328125 0.05 0.0234375
0 0.66875 0.54765625 0.0375 0.0203125
1 0.64296875 0.5265625 0.01484375 0.01875
1 0.7671875 0.51640625 0.00625 0.0109375
0 0.8015625 0.50546875 0.01640625 0.0078125
0 0.77421875 0.503125 0.01640625 0.009375
3 0.91953125 0.53984375 0.0703125 0.0140625
3 0.9578125 0.5609375 0.0765625 0.015625
2 0.81484375 0.59375 0.0765625 0.084375
1 0.7921875 0.83515625 0.0390625 0.0703125
1 0.83046875 0.5390625 0.01640625 0.01875
0 0.89375 0.56953125 0.04765625 0.0265625
1 0.8703125 0.58984375 0.03125 0.0390625
