3 0.215625 0.753125 0.2546875 0.1765625
1 0.05078125 0.63671875 0.1015625 0.0765625
1 0.0359375 0.690625 0.071875 0.0875
0 0.2 0.5890625 0.1125 0.065625
1 0.3015625 0.6765625 0.0625 0.0421875
1 0.3890625 0.621875 0.0609375 0.0546875
1 0.259375 0.60625 0.0578125 0.053125
3 0.3203125 0.559375 0.125 0.05625
3 0.25234375 0.56328125 0.1453125 0.0625
3 0.52734375 0.6234375 0.090625 0.0625
1 0.43125 0.58125 0.0375 0.0390625
1 0.465625 0.5828125 0.034375 0.0390625
0 0.4359375 0.55234375 0.084375 0.0359375
1 0.11328125 0.5625 0.04375 0.0328125
0 0.621875 0.59921875 0.0546875 0.0359375
0 0.58359375 0.57890625 0.053125 0.03125
0 0.6578125 0.5765625 0.040625 0.0265625
1 0.6359375 0.55078125 0.01875 0.021875
1 0.76015625 0.5625 0.0078125 0.0125
0 0.79609375 0.5578125 0.0171875 0.0109375
0 0.76953125 0.55078125 0.0171875 0.0125
3 0.90625 0.61171875 0.071875 0.0265625
3 0.940625 0.63984375 0.078125 0.028125
2 0.79375 0.646875 0.090625 0.096875
1 0.7296875 0.88046875 0.05 0.0765625
1 0.81875 0.59609375 0.01875 0.021875
0 0.87578125 0.63671875 0.05 0.034375
1 0.84921875 0.653125 0.0375 0.04375
