1 0.17421875 0.64296875 0.2328125 0.29765625
1 0.05 0.54140625 0.05625 0.07578125
1 0.55 0.53671875 0.0375 0.08515625
0 0.828125 0.58046875 0.090625 0.0921875
0 0.67578125 0.55 0.0890625 0.078125
0 0.76640625 0.55546875 0.0515625 0.07578125
3 0.79140625 0.5296875 0.1015625 0.08046875
0 0.97265625 0.6203125 0.0484375 0.15390625
0 0.45546875 0.53671875 0.0703125 0.04765625
0 0.4171875 0.5296875 0.040625 0.0328125
2 0.67421875 0.49609375 0.0640625 0.0234375
1 0.24453125 0.52109375 0.0390625 0.03984375
1 0.17578125 0.5203125 0.0234375 0.0375
