1 0.18828125 0.67109375 0.2578125 0.315625
1 0.05546875 0.58046875 0.0625 0.0796875
1 0.553125 0.53203125 0.0453125 0.0875
0 0.83359375 0.5515625 0.0984375 0.1
0 0.6796875 0.534375 0.0953125 0.0859375
0 0.7703125 0.53203125 0.0578125 0.0796875
3 0.79296875 0.50390625 0.1078125 0.0890625
0 0.975 0.578125 0.05 0.15625
0 0.45859375 0.540625 0.0734375 0.053125
0 0.4203125 0.53671875 0.04375 0.0359375
2 0.6734375 0.48125 0.065625 0.0296875
1 0.24765625 0.54296875 0.0421875 0.04375
1 0.17890625 0.5484375 0.0265625 0.0390625
