2 0.18203125 0.8734375 0.1390625 0.2109375
2 0.35859375 0.840625 0.1171875 0.1921875
1 0.378125 0.95625 0.06875 0.05859375
1 0.41640625 0.93203125 0.0671875 0.1125
1 0.4703125 0.8578125 0.05 0.10546875
0 0.53984375 0.840625 0.0703125 0.1125
2 0.30703125 0.76328125 0.0859375 0.15
2 0.5140625 0.6921875 0.059375 0.121875
3 0.440625 0.79609375 0.053125 0.1171875
0 0.52265625 0.76796875 0.0515625 0.065625
2 0.40703125 0.69921875 0.0734375 0.075
0 0.4578125 0.70546875 0.028125 0.04921875
0 0.46328125 0.67734375 0.0328125 0.03984375
2 0.31484375 0.69453125 0.1078125 0.0890625
2 0.33828125 0.64921875 0.0734375 0.03046875
2 0.33984375 0.6328125 0.0515625 0.02109375
2 0.36484375 0.63125 0.0453125 0.05625
2 0.39921875 0.59609375 0.0421875 0.046875
2 0.42109375 0.6046875 0.0390625 0.03515625
0 0.4671875 0.6546875 0.03125 0.01875
3 0.465625 0.62578125 0.034375 0.04921875
0 0.9734375 0.9140625 0.05 0.06796875
0 0.90390625 0.95390625 0.0984375 0.07734375
0 0.809375 0.9703125 0.10625 0.04453125
0 0.84609375 0.86953125 0.0859375 0.09140625
3 0.7765625 0.90859375 0.103125 0.159375
3 0.90390625 0.821875 0.0953125 0.1453125
0 0.76953125 0.78671875 0.0859375 0.0890625
0 0.82578125 0.77734375 0.0703125 0.103125
0 0.78515625 0.7015625 0.0390625 0.046875
1 0.84296875 0.73671875 0.0359375 0.0421875
0 0.84765625 0.73203125 0.0609375 0.0375
0 0.75 0.73671875 0.0625 0.075
0 0.7140625 0.8640625 0.071875 0.1125
0 0.68984375 0.815625 0.0734375 0.08203125
0 0.65859375 0.76796875 0.0578125 0.075
3 0.64453125 0.7203125 0.0546875 0.0703125
1 0.7484375 0.6875 0.03125 0.028125
1 0.71484375 0.68203125 0.0234375 0.05390625
3 0.66484375 0.6796875 0.0421875 0.06328125
0 0.61328125 0.7125 0.0265625 0.05859375
0 0.609375 0.68984375 0.0375 0.046875
0 0.5796875 0.6515625 0.01875 0.03984375
0 0.640625 0.63046875 0.03125 0.03046875
1 0.60078125 0.58828125 0.0140625 0.02578125
0 0.625 0.6140625 0.025 0.02578125
0 0.56796875 0.6171875 0.0234375 0.0328125
3 0.56484375 0.58828125 0.0203125 0.02578125
2 0.63203125 0.5859375 0.0234375 0.04921875
1 0.6078125 0.5796875 0.0125 0.0234375
2 0.66875 0.5890625 0.03125 0.05625
2 0.70546875 0.62421875 0.0484375 0.0703125
2 0.68828125 0.6078125 0.0390625 0.0609375
2 0.4203125 0.5703125 0.03125 0.01875
2 0.4828125 0.54921875 0.01875 0.01875
2 0.453125 0.54609375 0.025 0.04921875
3 0.52109375 0.584375 0.0234375 0.01875
0 0.490625 0.62578125 0.0125 0.03046875
3 0.51171875 0.61640625 0.0265625 0.03515625
1 0.40625 0.62578125 0.021875 0.00703125
1 0.403125 0.64765625 0.025 0.0140625
1 0.43828125 0.65234375 0.0203125 0.01875
2 0.51171875 0.52109375 0.0109375 0.01875
3 0.59375 0.54921875 0.015625 0.01875
3 0.56796875 0.54609375 0.0109375 0.02109375
0 0.57421875 0.575 0.0140625 0.01875
3 0.58984375 0.57265625 0.0109375 0.01875
1 0.6015625 0.590625 0.0125 0.02578125
1 0.6078125 0.58203125 0.0125 0.0234375
2 0.5859375 0.53984375 0.01875 0.028125
2 0.565625 0.525 0.015625 0.02109375
2 0.48046875 0.51328125 0.0140625 0.01171875
0 0.453125 0.58125 0.0125 0.00703125
2 0.45859375 0.5109375 0.0203125 0.01171875
3 0.4859375 0.6 0.01875 0.01171875
0 0.50546875 0.571875 0.0203125 0.01171875
3 0.55390625 0.50390625 0.0078125 0.01171875
