2 0.84453125 0.84921875 0.221875 0.15625
2 0.82734375 0.6703125 0.2015625 0.1328125
1 0.94375 0.6609375 0.065625 0.0734375
1 0.9234375 0.62109375 0.1171875 0.0765625
1 0.85390625 0.5609375 0.1109375 0.059375
0 0.84296875 0.48984375 0.11875 0.0796875
2 0.7453125 0.71484375 0.15625 0.0984375
2 0.69296875 0.503125 0.1265625 0.0703125
3 0.78984375 0.58515625 0.121875 0.0625
0 0.76875 0.50078125 0.0703125 0.0578125
2 0.690625 0.61015625 0.08125 0.0796875
0 0.70078125 0.56015625 0.0515625 0.0328125
0 0.6734375 0.55234375 0.04375 0.0359375
2 0.67734375 0.7015625 0.0984375 0.115625
2 0.634375 0.67421875 0.0375 0.0765625
2 0.61796875 0.67109375 0.0265625 0.053125
2 0.61875 0.64609375 0.059375 0.05
2 0.58671875 0.60859375 0.05 0.046875
2 0.59765625 0.5875 0.0375 0.0421875
0 0.6515625 0.54609375 0.021875 0.0328125
3 0.62265625 0.5453125 0.053125 0.0390625
0 0.95390625 0.0640625 0.0734375 0.05625
0 0.971875 0.13671875 0.05625 0.1046875
0 0.984375 0.2328125 0.03125 0.109375
0 0.8984375 0.1875 0.0984375 0.09375
3 0.9234375 0.26015625 0.153125 0.1171875
3 0.85546875 0.12578125 0.153125 0.1078125
0 0.809375 0.25625 0.096875 0.09375
0 0.8046875 0.2 0.109375 0.0796875
0 0.72578125 0.23359375 0.05 0.04375
1 0.765625 0.17890625 0.0453125 0.0390625
0 0.76171875 0.17421875 0.0421875 0.0640625
0 0.7578125 0.271875 0.0796875 0.06875
0 0.88125 0.31875 0.11875 0.08125
0 0.83125 0.33828125 0.0875 0.0796875
0 0.78046875 0.365625 0.0796875 0.0640625
3 0.73203125 0.375 0.075 0.0609375
1 0.70859375 0.26875 0.03125 0.0328125
1 0.7 0.3015625 0.0546875 0.028125
3 0.69375 0.3515625 0.065625 0.046875
0 0.721875 0.40546875 0.0609375 0.03125
0 0.6984375 0.4078125 0.05 0.0421875
0 0.6578125 0.43359375 0.0421875 0.021875
0 0.6421875 0.37109375 0.034375 0.034375
1 0.596875 0.40703125 0.0265625 0.015625
0 0.62421875 0.38515625 0.0265625 0.0265625
0 0.62265625 0.4421875 0.034375 0.0265625
3 0.59375 0.44296875 0.0265625 0.021875
2 0.596875 0.37578125 0.0515625 0.028125
1 0.5890625 0.39921875 0.025 0.0140625
2 0.603125 0.33984375 0.059375 0.0359375
2 0.64140625 0.30625 0.075 0.0546875
2 0.6234375 0.321875 0.0640625 0.04375
2 0.56328125 0.58515625 0.021875 0.0328125
2 0.54765625 0.52109375 0.0203125 0.0203125
2 0.5421875 0.55078125 0.0515625 0.0296875
3 0.5859375 0.48671875 0.0203125 0.025
0 0.62421875 0.5203125 0.0328125 0.015625
3 0.6171875 0.4984375 0.0359375 0.0296875
1 0.6171875 0.6046875 0.0078125 0.021875
1 0.63828125 0.609375 0.015625 0.0265625
1 0.64609375 0.575 0.0203125 0.021875
2 0.521875 0.48984375 0.0203125 0.0125
3 0.55703125 0.4109375 0.0203125 0.0171875
3 0.5515625 0.4359375 0.0234375 0.0125
0 0.58125 0.4328125 0.0203125 0.015625
3 0.58046875 0.4171875 0.0203125 0.0125
1 0.59921875 0.40703125 0.0265625 0.0140625
1 0.59140625 0.4 0.025 0.0140625
2 0.546875 0.41796875 0.0296875 0.021875
2 0.53046875 0.43671875 0.0234375 0.0171875
2 0.51171875 0.5203125 0.0140625 0.015625
0 0.5765625 0.55390625 0.0078125 0.0125
2 0.50703125 0.5421875 0.0140625 0.021875
3 0.5984375 0.52265625 0.0140625 0.0203125
0 0.571875 0.50078125 0.0140625 0.021875
3 0.50859375 0.446875 0.0125 0.009375
