2 0.85703125 0.89609375 0.2203125 0.19453125
2 0.675 0.63984375 0.090625 0.2765625
2 0.24453125 0.4984375 0.0421875 0.06171875
2 0.29296875 0.4640625 0.0359375 0.0546875
2 0.56015625 0.52578125 0.0296875 0.0890625
2 0.5703125 0.45390625 0.01875 0.04765625
2 0.5484375 0.44375 0.0125 0.034375
2 0.52734375 0.41796875 0.0109375 0.0171875
3 0.35390625 0.50546875 0.0203125 0.040625
0 0.35546875 0.55625 0.0234375 0.040625
1 0.303125 0.52734375 0.015625 0.0375
0 0.29375 0.51328125 0.015625 0.03046875
3 0.275 0.49140625 0.01875 0.040625
3 0.33359375 0.51875 0.0203125 0.0546875
3 0.54140625 0.8125 0.0609375 0.19765625
1 0.61015625 0.834375 0.0484375 0.16015625
0 0.79296875 0.7 0.1078125 0.0890625
1 0.84140625 0.65 0.0203125 0.04453125
1 0.75078125 0.56171875 0.0171875 0.0375
1 0.8171875 0.63671875 0.028125 0.06484375
1 0.62109375 0.75625 0.0234375 0.03046875
0 0.4578125 0.76953125 0.046875 0.1125
3 0.4734375 0.6859375 0.0375 0.08203125
1 0.5234375 0.69296875 0.028125 0.06796875
3 0.571875 0.6640625 0.040625 0.10546875
0 0.51953125 0.62421875 0.0296875 0.06796875
0 0.46953125 0.62421875 0.0296875 0.04765625
1 0.62109375 0.60546875 0.0234375 0.06484375
0 0.61484375 0.575 0.0296875 0.04453125
1 0.5765625 0.58359375 0.0125 0.040625
1 0.59609375 0.51875 0.0078125 0.02734375
3 0.51328125 0.54296875 0.0234375 0.075
3 0.46796875 0.54765625 0.0203125 0.0515625
1 0.48046875 0.5390625 0.0078125 0.02734375
1 0.53671875 0.48828125 0.0078125 0.0203125
3 0.50546875 0.484375 0.0203125 0.040625
0 0.44765625 0.48828125 0.0171875 0.02734375
0 0.4265625 0.47578125 0.015625 0.03046875
3 0.44921875 0.45234375 0.0171875 0.0375
0 0.2515625 0.84140625 0.084375 0.146875
3 0.31484375 0.6671875 0.0421875 0.1125
3 0.22421875 0.66015625 0.0421875 0.1125
0 0.01484375 0.6875 0.0296875 0.071875
0 0.12109375 0.58359375 0.0390625 0.04765625
1 0.153125 0.5546875 0.01875 0.04453125
0 0.315625 0.50546875 0.015625 0.0203125
0 0.38671875 0.459375 0.0234375 0.0171875
1 0.95390625 0.759375 0.0390625 0.10546875
1 0.9203125 0.72890625 0.034375 0.10546875
1 0.72109375 0.70625 0.0140625 0.0546875
