2 0.82890625 0.9078125 0.2328125 0.184375
2 0.66484375 0.6515625 0.109375 0.2828125
2 0.2453125 0.48046875 0.046875 0.065625
2 0.29609375 0.45 0.0390625 0.0578125
2 0.55859375 0.5296875 0.0359375 0.090625
2 0.5734375 0.45859375 0.021875 0.0484375
2 0.55234375 0.44765625 0.015625 0.0359375
2 0.5328125 0.4203125 0.0125 0.0171875
3 0.35390625 0.4953125 0.0234375 0.0421875
0 0.3515625 0.54609375 0.0265625 0.0421875
1 0.3015625 0.51328125 0.01875 0.0390625
0 0.29296875 0.49921875 0.0171875 0.0328125
3 0.27578125 0.47578125 0.021875 0.0421875
3 0.3328125 0.50703125 0.0234375 0.05625
3 0.51953125 0.81484375 0.075 0.2
1 0.58671875 0.84140625 0.059375 0.1625
0 0.778125 0.7203125 0.1140625 0.096875
1 0.83046875 0.6734375 0.0234375 0.0453125
1 0.74609375 0.57890625 0.0203125 0.0390625
1 0.80703125 0.65859375 0.0328125 0.0671875
1 0.603125 0.7640625 0.025 0.0328125
0 0.4390625 0.765625 0.0546875 0.115625
3 0.46015625 0.68359375 0.04375 0.084375
1 0.51015625 0.69375 0.0328125 0.0703125
3 0.56015625 0.66875 0.0484375 0.109375
0 0.5109375 0.625 0.034375 0.0703125
0 0.4609375 0.621875 0.0328125 0.0484375
1 0.61328125 0.61328125 0.028125 0.0671875
0 0.609375 0.5828125 0.0328125 0.0453125
1 0.5703125 0.5890625 0.015625 0.040625
1 0.59453125 0.52578125 0.009375 0.028125
3 0.51015625 0.54375 0.028125 0.0765625
3 0.46484375 0.5453125 0.0234375 0.053125
1 0.478125 0.5375 0.009375 0.028125
1 0.5375 0.490625 0.009375 0.0203125
3 0.50625 0.48515625 0.0234375 0.0421875
0 0.4484375 0.484375 0.01875 0.0296875
0 0.428125 0.47109375 0.0171875 0.0328125
3 0.45234375 0.44921875 0.0203125 0.0390625
0 0.228125 0.8234375 0.09375 0.153125
3 0.30390625 0.65390625 0.05 0.115625
3 0.2140625 0.640625 0.05 0.115625
0 0.01015625 0.65234375 0.0203125 0.0734375
0 0.11640625 0.55703125 0.0421875 0.05
1 0.15 0.53046875 0.021875 0.0453125
0 0.315625 0.49296875 0.0171875 0.021875
0 0.38984375 0.4515625 0.025 0.01875
1 0.934375 0.790625 0.046875 0.109375
1 0.903125 0.7578125 0.0421875 0.1078125
1 0.70625 0.72109375 0.0171875 0.05625
