3 0.1828125 0.41953125 0.2125 0.1328125
3 0.37265625 0.46796875 0.1125 0.0734375
1 0.3125 0.38515625 0.125 0.065625
0 0.509375 0.44609375 0.078125 0.0390625
1 0.42109375 0.36484375 0.0875 0.034375
1 0.51640625 0.3921875 0.04375 0.0171875
1 0.59296875 0.40859375 0.040625 0.0140625
1 0.55 0.3953125 0.0375 0.01875
1 0.57734375 0.384375 0.04375 0.015625
1 0.628125 0.38046875 0.0328125 0.015625
3 0.39375 0.2984375 0.04375 0.04375
1 0.415625 0.27265625 0.0421875 0.0265625
1 0.4546875 0.325 0.0375 0.01875
0 0.07421875 0.62734375 0.1171875 0.1046875
1 0.209375 0.60859375 0.1625 0.0765625
1 0.0890625 0.7515625 0.1125 0.075
1 0.09765625 0.87421875 0.096875 0.0859375
1 0.46796875 0.659375 0.0578125 0.0421875
1 0.47890625 0.60234375 0.053125 0.0359375
3 0.21171875 0.82890625 0.2015625 0.1234375
1 0.3203125 0.78046875 0.1015625 0.0671875
0 0.178125 0.715625 0.1578125 0.0953125
0 0.2953125 0.69375 0.1203125 0.08125
0 0.29140625 0.609375 0.140625 0.075
0 0.3828125 0.65703125 0.103125 0.06875
3 0.39453125 0.58984375 0.103125 0.0671875
0 0.49296875 0.54453125 0.0734375 0.05625
0 0.41875 0.6984375 0.0890625 0.0734375
0 0.3484375 0.74453125 0.1046875 0.078125
1 0.45546875 0.6296875 0.05625 0.040625
3 0.546875 0.54765625 0.0453125 0.0390625
0 0.5 0.58046875 0.0453125 0.0328125
0 0.55625 0.49453125 0.046875 0.0328125
1 0.6375 0.40625 0.015625 0.0046875
1 0.44609375 0.22421875 0.0296875 0.0171875
1 0.4578125 0.23984375 0.0265625 0.0171875
