3 0.61875 0.8046875 0.109375 0.20078125
3 0.54765625 0.62265625 0.0609375 0.10625
1 0.63671875 0.671875 0.0515625 0.1203125
0 0.55234375 0.484375 0.0296875 0.07578125
1 0.64375 0.56171875 0.025 0.08359375
1 0.6046875 0.4703125 0.0125 0.0421875
1 0.5796875 0.396875 0.009375 0.0390625
1 0.59765625 0.4375 0.0140625 0.0359375
1 0.60546875 0.409375 0.0109375 0.0421875
1 0.603125 0.35859375 0.0125 0.03046875
3 0.71328125 0.58125 0.0390625 0.0390625
1 0.7359375 0.55625 0.021875 0.0390625
1 0.67890625 0.5234375 0.0140625 0.0359375
0 0.42578125 0.93828125 0.0921875 0.10625
1 0.42734375 0.8015625 0.0578125 0.15625
1 0.3 0.93828125 0.0625 0.10625
1 0.17734375 0.9453125 0.0765625 0.08671875
1 0.34609375 0.5515625 0.0359375 0.053125
1 0.40078125 0.53359375 0.0296875 0.05
3 0.20859375 0.8265625 0.1015625 0.18984375
1 0.24375 0.7125 0.05625 0.0953125
0 0.325 0.84609375 0.078125 0.15078125
0 0.3328125 0.7265625 0.06875 0.11171875
0 0.4171875 0.7203125 0.059375 0.134375
0 0.35859375 0.63515625 0.0578125 0.09765625
3 0.4234375 0.615625 0.05625 0.09765625
0 0.45703125 0.5125 0.0484375 0.06953125
0 0.31328125 0.6046875 0.0640625 0.08125
0 0.27578125 0.68046875 0.0671875 0.09765625
1 0.3765625 0.56015625 0.034375 0.053125
3 0.446875 0.459375 0.034375 0.0421875
0 0.4203125 0.51015625 0.028125 0.0421875
0 0.4984375 0.44375 0.028125 0.04453125
1 0.5765625 0.35234375 0.003125 0.01640625
1 0.78046875 0.51953125 0.0140625 0.028125
1 0.76328125 0.51015625 0.0140625 0.025
