1 0.3015625 0.82578125 0.1921875 0.2109375
1 0.3625 0.62890625 0.0953125 0.0984375
1 0.5765625 0.58828125 0.09375 0.0859375
1 0.815625 0.85625 0.25 0.2265625
0 0.66640625 0.67265625 0.196875 0.1609375
2 0.3921875 0.525 0.134375 0.1234375
0 0.90078125 0.7609375 0.1984375 0.265625
3 0.79140625 0.57265625 0.159375 0.1359375
3 0.48671875 0.62109375 0.140625 0.1453125
3 0.56796875 0.81171875 0.2859375 0.346875
0 0.6515625 0.56484375 0.1171875 0.090625
3 0.5203125 0.49765625 0.084375 0.08125
0 0.62734375 0.5078125 0.0984375 0.06875
0 0.95078125 0.53515625 0.0984375 0.0890625
1 0.98359375 0.471875 0.0328125 0.05
1 0.959375 0.42890625 0.0578125 0.0421875
0 0.82578125 0.4625 0.0609375 0.0421875
3 0.7453125 0.44765625 0.05625 0.046875
1 0.46015625 0.49609375 0.0390625 0.046875
2 0.5125 0.43359375 0.0421875 0.040625
0 0.6265625 0.4578125 0.0515625 0.0375
1 0.7921875 0.42734375 0.028125 0.0296875
