1 0.746875 0.790625 0.165625 0.1875
1 0.65625 0.60546875 0.0828125 0.0859375
1 0.43828125 0.59921875 0.0828125 0.0734375
1 0.24375 0.9015625 0.221875 0.19375
0 0.3625 0.696875 0.17734375 0.134375
2 0.61015625 0.5078125 0.11796875 0.10625
0 0.11328125 0.82578125 0.2265625 0.2328125
3 0.2234375 0.6171875 0.14453125 0.115625
3 0.53203125 0.6171875 0.12265625 0.128125
3 0.48203125 0.81875 0.24140625 0.3125
0 0.36015625 0.5875 0.10625 0.075
3 0.4796875 0.50078125 0.07578125 0.0703125
0 0.37578125 0.52734375 0.08984375 0.0546875
0 0.05234375 0.60703125 0.10390625 0.0734375
1 0.015625 0.54921875 0.03046875 0.0453125
1 0.03515625 0.5015625 0.05234375 0.034375
0 0.17265625 0.5140625 0.05703125 0.034375
3 0.24921875 0.48671875 0.05 0.0390625
1 0.5390625 0.48984375 0.0328125 0.0421875
2 0.47734375 0.43671875 0.0375 0.0359375
0 0.36875 0.478125 0.04765625 0.03125
1 0.2 0.47421875 0.02578125 0.0265625
