1 0.7890625 0.5515625 0.096875 0.0578125
1 0.61171875 0.51796875 0.04375 0.0359375
1 0.7828125 0.209375 0.078125 0.0609375
0 0.85546875 0.35 0.165625 0.184375
3 0.63828125 0.4640625 0.078125 0.0765625
1 0.6078125 0.7734375 0.040625 0.06875
1 0.66015625 0.91015625 0.06875 0.0640625
0 0.8171875 0.77421875 0.18125 0.1828125
0 0.73828125 0.9015625 0.175 0.1875
0 0.59609375 0.678125 0.059375 0.05625
0 0.6234375 0.359375 0.05 0.059375
0 0.6390625 0.2953125 0.05 0.0703125
0 0.71171875 0.27109375 0.0953125 0.11875
0 0.5859375 0.47265625 0.0390625 0.046875
0 0.57265625 0.58671875 0.0421875 0.046875
2 0.8046875 0.10703125 0.1546875 0.1296875
