1 0.490625 0.79375 0.04140625 0.090625
1 0.49453125 0.61328125 0.02890625 0.0390625
1 0.15703125 0.71640625 0.04765625 0.0703125
0 0.2796875 0.81640625 0.16015625 0.1359375
3 0.4359375 0.628125 0.0640625 0.065625
1 0.7453125 0.6625 0.0640625 0.028125
1 0.86796875 0.7421875 0.05234375 0.059375
0 0.70234375 0.8671875 0.15390625 0.153125
0 0.84296875 0.81640625 0.16015625 0.1453125
0 0.65390625 0.63125 0.04765625 0.05
0 0.33671875 0.59140625 0.05390625 0.0390625
0 0.27109375 0.59375 0.0640625 0.0375
0 0.23203125 0.659375 0.10625 0.075
0 0.45546875 0.578125 0.04140625 0.03125
0 0.56953125 0.5890625 0.04140625 0.034375
2 0.05234375 0.71640625 0.10390625 0.1359375
