0 0.28359375 0.76796875 0.309375 0.2453125
1 0.590625 0.5765625 0.1 0.075
0 0.646875 0.56484375 0.0578125 0.0546875
1 0.709375 0.5578125 0.075 0.075
1 0.7375 0.53359375 0.0859375 0.05
1 0.9296875 0.5109375 0.13125 0.08125
1 0.53203125 0.56796875 0.0375 0.046875
1 0.078125 0.640625 0.025 0.0265625
0 0.0953125 0.6328125 0.0203125 0.0171875
1 0.415625 0.603125 0.05 0.0609375
1 0.35078125 0.60625 0.0421875 0.05
0 0.2859375 0.61484375 0.0625 0.0359375
1 0.45625 0.57265625 0.0265625 0.03125
0 0.25 0.61328125 0.04375 0.0296875
1 0.3015625 0.5921875 0.01875 0.021875
0 0.24609375 0.59609375 0.0234375 0.0140625
2 0.2609375 0.58359375 0.0171875 0.009375
0 0.3546875 0.58046875 0.0203125 0.0140625
1 0.28203125 0.59296875 0.0203125 0.0171875
0 0.31484375 0.58359375 0.0171875 0.0125
