0 0.240625 0.7265625 0.27734375 0.2
1 0.57578125 0.59140625 0.08984375 0.0609375
0 0.63359375 0.5890625 0.05 0.046875
1 0.69609375 0.59296875 0.06640625 0.0640625
1 0.728125 0.57421875 0.08125 0.0359375
1 0.92109375 0.58515625 0.12109375 0.0609375
1 0.51953125 0.57265625 0.03125 0.0421875
1 0.06015625 0.56484375 0.02109375 0.0234375
0 0.078125 0.56015625 0.01875 0.0140625
1 0.39921875 0.58671875 0.03984375 0.0546875
1 0.334375 0.57890625 0.03515625 0.0453125
0 0.26953125 0.57578125 0.06015625 0.0265625
1 0.44453125 0.5640625 0.02265625 0.028125
0 0.234375 0.56796875 0.03984375 0.0234375
1 0.28828125 0.55625 0.01484375 0.01875
0 0.23359375 0.55078125 0.02109375 0.0109375
2 0.25 0.540625 0.01640625 0.00625
0 0.34296875 0.55390625 0.01875 0.0109375
1 0.26953125 0.55390625 0.01875 0.0140625
0 0.303125 0.55 0.01484375 0.009375
