3 0.63984375 0.075 0.1765625 0.15
3 0.62109375 0.17578125 0.0765625 0.0515625
3 0.60625 0.26640625 0.065625 0.04375
3 0.66328125 0.50625 0.0796875 0.0484375
3 0.590625 0.33203125 0.0390625 0.0828125
3 0.565625 0.36875 0.034375 0.0921875
1 0.62578125 0.315625 0.046875 0.021875
3 0.60390625 0.525 0.046875 0.0296875
0 0.603125 0.49375 0.0328125 0.025
2 0.59609375 0.640625 0.0765625 0.0515625
3 0.5734375 0.5625 0.0328125 0.03125
3 0.590625 0.7109375 0.0328125 0.025
3 0.61796875 0.796875 0.034375 0.0515625
2 0.55078125 0.5015625 0.03125 0.0265625
2 0.571875 0.4609375 0.028125 0.015625
