3 0.07734375 0.64765625 0.1484375 0.1734375
3 0.178125 0.6265625 0.05 0.075
3 0.26796875 0.61015625 0.0421875 0.065625
3 0.509375 0.66328125 0.046875 0.07734375
3 0.33359375 0.59375 0.0828125 0.0375
3 0.36953125 0.56796875 0.0921875 0.0328125
1 0.31796875 0.62890625 0.0203125 0.046875
3 0.5265625 0.603125 0.028125 0.046875
0 0.4953125 0.603125 0.025 0.0328125
2 0.6421875 0.59375 0.05 0.075
3 0.5640625 0.57265625 0.03125 0.0328125
3 0.7125 0.58671875 0.025 0.0328125
3 0.79921875 0.6125 0.0515625 0.0328125
2 0.50234375 0.55078125 0.0265625 0.03046875
2 0.4625 0.57265625 0.015625 0.028125
