1 0.1890625 0.97890625 0.134375 0.0421875
1 0.3171875 0.9765625 0.0546875 0.046875
1 0.2671875 0.95859375 0.0734375 0.053125
1 0.296875 0.91328125 0.1015625 0.065625
1 0.3703125 0.909375 0.059375 0.04375
1 0.32890625 0.86328125 0.0828125 0.0578125
1 0.384375 0.86640625 0.0421875 0.04375
1 0.36796875 0.809375 0.071875 0.0484375
1 0.4125 0.77890625 0.0390625 0.03125
1 0.29609375 0.78203125 0.0890625 0.0828125
1 0.28984375 0.72578125 0.096875 0.06875
1 0.32109375 0.68671875 0.065625 0.0375
1 0.3453125 0.63125 0.0703125 0.0421875
1 0.359375 0.65546875 0.0703125 0.040625
1 0.3921875 0.7 0.0515625 0.034375
1 0.38203125 0.6765625 0.0578125 0.0359375
1 0.40859375 0.63671875 0.046875 0.0296875
1 0.42734375 0.6640625 0.04375 0.0296875
1 0.4515625 0.65234375 0.015625 0.01875
1 0.409375 0.60390625 0.04375 0.0296875
1 0.43984375 0.61953125 0.03125 0.021875
1 0.4578125 0.603125 0.0296875 0.0171875
1 0.4625 0.5921875 0.0265625 0.0171875
1 0.4765625 0.603125 0.0140625 0.0140625
1 0.484375 0.5875 0.0171875 0.0125
1 0.490625 0.60078125 0.0140625 0.0125
1 0.0953125 0.196875 0.096875 0.078125
1 0.2921875 0.4015625 0.0578125 0.0390625
1 0.2921875 0.375 0.0578125 0.0375
1 0.34453125 0.41875 0.0265625 0.025
1 0.38359375 0.42890625 0.0296875 0.01875
1 0.38828125 0.41484375 0.025 0.0171875
1 0.41328125 0.44765625 0.0140625 0.009375
1 0.41171875 0.4390625 0.0140625 0.0109375
0 0.1640625 0.1859375 0.084375 0.1203125
0 0.240625 0.2890625 0.08125 0.0890625
0 0.2875 0.340625 0.0609375 0.0515625
0 0.33359375 0.371875 0.0359375 0.0296875
0 0.32265625 0.44296875 0.0453125 0.0453125
0 0.27265625 0.4453125 0.0625 0.04375
0 0.2046875 0.40234375 0.0875 0.075
0 0.08515625 0.375 0.1421875 0.134375
0 0.3609375 0.40703125 0.0203125 0.034375
1 0.440625 0.58515625 0.034375 0.021875
2 0.42890625 0.56640625 0.06875 0.0453125
2 0.38828125 0.4875 0.078125 0.065625
2 0.353125 0.584375 0.078125 0.05
1 0.49921875 0.5703125 0.0171875 0.0109375
