1 0.9765625 0.921875 0.04375 0.10234375
1 0.9109375 0.92265625 0.05625 0.125
1 0.95546875 0.84296875 0.0546875 0.06015625
1 0.91796875 0.79296875 0.0359375 0.04765625
1 0.88828125 0.83671875 0.0390625 0.06484375
1 0.8515625 0.796875 0.04375 0.09375
1 0.865625 0.725 0.03125 0.05390625
1 0.8109375 0.75390625 0.040625 0.075
1 0.82734375 0.70078125 0.0359375 0.03515625
1 0.76796875 0.703125 0.0328125 0.06484375
1 0.74921875 0.65234375 0.0234375 0.03359375
1 0.72421875 0.76640625 0.0671875 0.075
1 0.66796875 0.75859375 0.0484375 0.0875
1 0.63828125 0.71875 0.0234375 0.0625
1 0.58984375 0.68203125 0.0265625 0.06484375
1 0.6171875 0.67421875 0.025 0.06484375
1 0.66796875 0.653125 0.0234375 0.04765625
1 0.64296875 0.65703125 0.0234375 0.05234375
1 0.61015625 0.621875 0.0203125 0.04375
1 0.64140625 0.61015625 0.0203125 0.04140625
1 0.6359375 0.58359375 0.015625 0.0125
1 0.57890625 0.61328125 0.0203125 0.03984375
1 0.6015625 0.5875 0.015625 0.02890625
1 0.58984375 0.565625 0.0109375 0.02734375
1 0.58046875 0.55859375 0.0109375 0.025
1 0.59453125 0.54765625 0.0109375 0.0125
1 0.58125 0.53671875 0.009375 0.01484375
1 0.5953125 0.53359375 0.009375 0.0125
1 0.1078125 0.81953125 0.059375 0.08515625
1 0.35390625 0.678125 0.0265625 0.05234375
1 0.328125 0.67109375 0.025 0.05390625
1 0.38359375 0.63125 0.0203125 0.02109375
1 0.403125 0.59609375 0.0125 0.02890625
1 0.390625 0.5875 0.0125 0.02109375
1 0.428125 0.57109375 0.00625 0.0125
1 0.41953125 0.57109375 0.0078125 0.0125
0 0.1140625 0.75 0.109375 0.05859375
0 0.2328125 0.70078125 0.075 0.06484375
0 0.29375 0.66796875 0.040625 0.05234375
0 0.33515625 0.63046875 0.0234375 0.03125
0 0.4015625 0.65859375 0.0375 0.0375
0 0.3921875 0.70703125 0.03125 0.05625
0 0.33359375 0.7625 0.0578125 0.075
0 0.278125 0.871875 0.109375 0.11875
0 0.37578125 0.6125 0.0328125 0.0125
1 0.56796875 0.578125 0.0140625 0.03125
2 0.546875 0.58515625 0.03125 0.0625
2 0.4609375 0.60546875 0.05 0.06875
2 0.54609375 0.6625 0.0328125 0.07109375
1 0.56796875 0.51796875 0.0078125 0.01484375
