3 0.53671875 0.04453125 0.2046875 0.0890625
0 0.29609375 0.16953125 0.065625 0.075
0 0.2734375 0.234375 0.0328125 0.0515625
1 0.3140625 0.2390625 0.0515625 0.0390625
1 0.3125 0.28359375 0.0578125 0.040625
0 0.27890625 0.43515625 0.0421875 0.0375
1 0.2 0.50078125 0.0203125 0.0140625
1 0.21171875 0.5171875 0.0171875 0.009375
1 0.18046875 0.553125 0.009375 0.00625
1 0.17890625 0.54375 0.009375 0.003125
0 0.82578125 0.08125 0.2296875 0.1625
3 0.62578125 0.2328125 0.24375 0.16875
0 0.55390625 0.33125 0.13125 0.0921875
3 0.46015625 0.365625 0.1171875 0.09375
0 0.44140625 0.41640625 0.0828125 0.0390625
0 0.3796875 0.42890625 0.0546875 0.05625
0 0.35390625 0.4578125 0.03125 0.0421875
3 0.325 0.4734375 0.053125 0.0484375
3 0.3140625 0.50625 0.05625 0.028125
0 0.28359375 0.51328125 0.0171875 0.0265625
0 0.2671875 0.52578125 0.03125 0.0296875
0 0.26640625 0.5484375 0.025 0.009375
3 0.22421875 0.559375 0.0171875 0.0203125
3 0.21328125 0.56640625 0.0109375 0.015625
3 0.909375 0.27109375 0.1328125 0.19375
3 0.765625 0.3578125 0.25 0.1828125
0 0.62265625 0.403125 0.0890625 0.1109375
0 0.54921875 0.43984375 0.0984375 0.090625
0 0.4828125 0.446875 0.0625 0.06875
0 0.43046875 0.4921875 0.0703125 0.0625
0 0.3875 0.52109375 0.046875 0.046875
0 0.35078125 0.51328125 0.03125 0.0453125
0 0.34609375 0.54375 0.0453125 0.0359375
3 0.309375 0.54765625 0.0296875 0.0375
3 0.2859375 0.565625 0.028125 0.025
0 0.26171875 0.565625 0.015625 0.01875
2 0.2265625 0.57890625 0.0375 0.0109375
2 0.20078125 0.61484375 0.01875 0.01875
2 0.209375 0.63515625 0.025 0.0234375
2 0.246875 0.60078125 0.034375 0.0453125
2 0.18359375 0.634375 0.0109375 0.009375
2 0.18046875 0.62109375 0.0078125 0.009375
2 0.25546875 0.640625 0.046875 0.0421875
2 0.28515625 0.609375 0.040625 0.046875
2 0.225 0.6265625 0.0171875 0.021875
2 0.33671875 0.60078125 0.0765625 0.0640625
2 0.30546875 0.64296875 0.0515625 0.0265625
2 0.32421875 0.67578125 0.0515625 0.0578125
2 0.40390625 0.68125 0.084375 0.0953125
2 0.53203125 0.7265625 0.1796875 0.1296875
3 0.5125 0.8171875 0.084375 0.08125
1 0.60703125 0.79140625 0.1234375 0.059375
1 0.59453125 0.85546875 0.06875 0.059375
1 0.653125 0.84140625 0.059375 0.075
1 0.7171875 0.7953125 0.1078125 0.09375
1 0.734375 0.884375 0.125 0.103125
1 0.825 0.82265625 0.115625 0.128125
1 0.93203125 0.83125 0.1359375 0.1375
1 0.79296875 0.68203125 0.11875 0.0984375
1 0.8765625 0.6671875 0.071875 0.09375
3 0.61796875 0.934375 0.128125 0.10625
0 0.5515625 0.8796875 0.040625 0.0640625
0 0.67421875 0.67578125 0.1421875 0.1140625
0 0.40859375 0.58359375 0.06875 0.0671875
1 0.45625 0.58203125 0.0265625 0.0265625
0 0.46796875 0.61171875 0.034375 0.0484375
3 0.509375 0.59921875 0.040625 0.0625
3 0.55859375 0.61875 0.0546875 0.0203125
0 0.5984375 0.571875 0.165625 0.096875
0 0.52421875 0.5234375 0.1140625 0.078125
0 0.728125 0.546875 0.109375 0.11875
3 0.8390625 0.51640625 0.146875 0.1484375
1 0.5140625 0.659375 0.1 0.0453125
2 0.95234375 0.64921875 0.0953125 0.2890625
