3 0.04296875 0.609375 0.0859375 0.19453125
0 0.14140625 0.35 0.0671875 0.05625
0 0.20234375 0.31796875 0.0484375 0.02578125
1 0.21328125 0.35703125 0.0328125 0.046875
1 0.25703125 0.3484375 0.0328125 0.05390625
0 0.4015625 0.29140625 0.03125 0.0375
1 0.45390625 0.20390625 0.0109375 0.01875
1 0.471875 0.2125 0.00625 0.01640625
1 0.50234375 0.17578125 0.0046875 0.009375
1 0.49296875 0.17578125 0.0015625 0.009375
0 0.10234375 0.89296875 0.2046875 0.19921875
3 0.25546875 0.66640625 0.1359375 0.225
0 0.34140625 0.5796875 0.0734375 0.121875
3 0.3609375 0.48203125 0.078125 0.10546875
0 0.40859375 0.45546875 0.0265625 0.0796875
0 0.4109375 0.3921875 0.05 0.046875
0 0.43515625 0.3625 0.0390625 0.02578125
3 0.44609375 0.33125 0.0421875 0.046875
3 0.47734375 0.315625 0.0203125 0.05390625
0 0.4796875 0.284375 0.025 0.0140625
0 0.4890625 0.265625 0.025 0.028125
0 0.5109375 0.26171875 0.00625 0.02578125
3 0.515625 0.21796875 0.01875 0.0140625
3 0.52109375 0.20625 0.0140625 0.009375
3 0.33828125 0.93984375 0.1796875 0.10546875
3 0.40078125 0.784375 0.1484375 0.2296875
0 0.4234375 0.6359375 0.1 0.075
0 0.4484375 0.5578125 0.078125 0.08671875
0 0.44453125 0.49140625 0.0609375 0.05390625
0 0.48125 0.4328125 0.053125 0.06328125
0 0.503125 0.3859375 0.040625 0.03984375
0 0.48984375 0.35078125 0.0421875 0.02578125
0 0.51953125 0.34140625 0.0296875 0.03984375
3 0.5171875 0.30390625 0.034375 0.02578125
3 0.53125 0.278125 0.021875 0.02578125
0 0.52734375 0.2546875 0.0171875 0.01171875
2 0.53515625 0.21796875 0.0046875 0.0375
2 0.56640625 0.18671875 0.0171875 0.01640625
2 0.58828125 0.19140625 0.0203125 0.02109375
2 0.56015625 0.234375 0.0421875 0.028125
2 0.58359375 0.16640625 0.0078125 0.009375
2 0.56953125 0.165625 0.0078125 0.00703125
2 0.60078125 0.23671875 0.0359375 0.0421875
2 0.57421875 0.27109375 0.0421875 0.03515625
2 0.58203125 0.20859375 0.0203125 0.0140625
2 0.57421875 0.32265625 0.0546875 0.06796875
2 0.6109375 0.28515625 0.01875 0.04921875
2 0.64609375 0.29921875 0.0515625 0.04453125
2 0.6640625 0.3765625 0.084375 0.07265625
2 0.72890625 0.49609375 0.1046875 0.16640625
3 0.81484375 0.4625 0.0703125 0.075
1 0.8046875 0.56015625 0.040625 0.11953125
1 0.865625 0.5375 0.05 0.0609375
1 0.8609375 0.59765625 0.06875 0.04921875
1 0.82578125 0.66796875 0.0796875 0.09609375
1 0.91640625 0.67109375 0.0859375 0.1125
1 0.86953125 0.7703125 0.1140625 0.0984375
1 0.89765625 0.89296875 0.1140625 0.15703125
1 0.91875 0.984375 0.1125 0.01640625
1 0.72578125 0.7609375 0.0828125 0.1078125
1 0.72421875 0.84609375 0.0859375 0.05859375
3 0.94765625 0.5484375 0.0890625 0.11484375
0 0.8828125 0.49140625 0.059375 0.03046875
0 0.70078125 0.64453125 0.0953125 0.12890625
0 0.56796875 0.396875 0.0578125 0.0609375
1 0.57421875 0.44375 0.0234375 0.0234375
0 0.60546875 0.45078125 0.0453125 0.028125
3 0.59921875 0.49375 0.0578125 0.03046875
3 0.6265625 0.5390625 0.0125 0.05390625
0 0.58671875 0.5859375 0.0734375 0.15703125
0 0.5265625 0.5203125 0.0625 0.10546875
0 0.58203125 0.71796875 0.1046875 0.09375
3 0.56953125 0.83203125 0.1296875 0.12890625
1 0.659375 0.4890625 0.03125 0.09609375
2 0.72265625 0.94453125 0.2765625 0.09609375
