2 0.73828125 0.9328125 0.2109375 0.11953125
2 0.9140625 0.76796875 0.15 0.45078125
1 0.45234375 0.96953125 0.1234375 0.046875
0 0.253125 0.92265625 0.203125 0.140625
0 0.35078125 0.80078125 0.1453125 0.121875
0 0.72109375 0.8296875 0.1453125 0.09140625
0 0.4046875 0.68515625 0.1 0.075
2 0.54609375 0.76328125 0.2296875 0.36640625
1 0.70078125 0.67578125 0.0703125 0.0515625
1 0.72421875 0.7515625 0.0765625 0.0890625
0 0.725 0.61640625 0.090625 0.07734375
2 0.83359375 0.628125 0.0765625 0.3265625
2 0.86640625 0.44921875 0.0796875 0.04453125
2 0.84296875 0.371875 0.0703125 0.11015625
2 0.8 0.38046875 0.0125 0.103125
2 0.834375 0.25390625 0.0375 0.0375
2 0.815625 0.27578125 0.034375 0.01171875
2 0.81796875 0.2890625 0.0390625 0.009375
2 0.82109375 0.29921875 0.0453125 0.01640625
2 0.76015625 0.33125 0.0390625 0.0796875
2 0.771875 0.25625 0.034375 0.0421875
2 0.80625 0.21015625 0.0125 0.01640625
2 0.2265625 0.38125 0.121875 0.08203125
2 0.44140625 0.30078125 0.0421875 0.046875
2 0.47421875 0.2890625 0.0203125 0.0328125
2 0.509375 0.26328125 0.040625 0.028125
2 0.56640625 0.24375 0.0359375 0.01875
2 0.63046875 0.22421875 0.0265625 0.02578125
2 0.67421875 0.2015625 0.0078125 0.009375
0 0.77578125 0.53671875 0.0390625 0.08671875
0 0.76484375 0.4703125 0.0265625 0.04453125
0 0.7921875 0.3015625 0.00625 0.03984375
0 0.60390625 0.5515625 0.0703125 0.0421875
0 0.64453125 0.4796875 0.0453125 0.01640625
0 0.678125 0.44375 0.046875 0.0140625
0 0.6875 0.42578125 0.040625 0.02109375
0 0.69453125 0.40234375 0.0390625 0.01640625
0 0.703125 0.38515625 0.034375 0.009375
0 0.70078125 0.3578125 0.0109375 0.03984375
0 0.7796875 0.2203125 0.028125 0.0140625
0 0.4609375 0.6140625 0.0875 0.07265625
0 0.58203125 0.49375 0.0421875 0.07265625
0 0.58984375 0.44453125 0.0515625 0.02578125
0 0.63046875 0.4421875 0.0203125 0.05390625
0 0.65625 0.4015625 0.021875 0.05625
0 0.05078125 0.87578125 0.1015625 0.103125
0 0.25390625 0.66328125 0.0734375 0.11015625
0 0.06875 0.6140625 0.071875 0.03984375
0 0.02578125 0.5765625 0.0421875 0.03515625
0 0.05625 0.5375 0.053125 0.05625
0 0.009375 0.5328125 0.01875 0.05625
0 0.0703125 0.4890625 0.05 0.03046875
0 0.23984375 0.5671875 0.0234375 0.07734375
0 0.2859375 0.50859375 0.065625 0.04453125
0 0.32734375 0.5484375 0.0265625 0.03984375
0 0.2375 0.49140625 0.015625 0.05390625
0 0.30546875 0.46015625 0.0265625 0.05625
0 0.325 0.4296875 0.01875 0.0375
0 0.36015625 0.4421875 0.0484375 0.02109375
0 0.4515625 0.4484375 0.03125 0.028125
0 0.47421875 0.41640625 0.0296875 0.02109375
0 0.44609375 0.41328125 0.0234375 0.0375
0 0.475 0.3828125 0.040625 0.0234375
0 0.46015625 0.36015625 0.0265625 0.01171875
0 0.47109375 0.3484375 0.0296875 0.01640625
0 0.45 0.33203125 0.03125 0.01640625
0 0.5171875 0.34375 0.028125 0.01640625
0 0.56484375 0.3453125 0.0328125 0.0234375
0 0.478125 0.3265625 0.00625 0.01875
1 0.721875 0.48671875 0.028125 0.06328125
1 0.71484375 0.5296875 0.0515625 0.02109375
1 0.68046875 0.48671875 0.0203125 0.07265625
1 0.64921875 0.515625 0.0484375 0.03984375
1 0.64296875 0.36015625 0.0296875 0.02109375
1 0.809375 0.234375 0.00625 0.0140625
1 0.28359375 0.5703125 0.0546875 0.05625
1 0.09765625 0.7109375 0.0671875 0.1125
1 0.028125 0.70859375 0.05625 0.1453125
1 0.26953125 0.44921875 0.0453125 0.03984375
1 0.33203125 0.40390625 0.0140625 0.0328125
1 0.42421875 0.38125 0.0328125 0.01640625
1 0.43125 0.36875 0.03125 0.009375
1 0.41484375 0.3390625 0.0234375 0.01640625
1 0.65859375 0.26171875 0.0140625 0.01640625
0 0.71796875 0.315625 0.0109375 0.03984375
0 0.61796875 0.39453125 0.0515625 0.0375
0 0.38203125 0.3546875 0.0390625 0.028125
1 0.35390625 0.36640625 0.0140625 0.009375
0 0.52578125 0.3734375 0.0453125 0.0328125
3 0.72265625 0.55625 0.0703125 0.0328125
3 0.75546875 0.4109375 0.0484375 0.0703125
3 0.72734375 0.24609375 0.0296875 0.01875
3 0.71484375 0.265625 0.0234375 0.009375
3 0.5421875 0.3125 0.04375 0.0515625
3 0.49921875 0.321875 0.0328125 0.0328125
3 0.59921875 0.24609375 0.0234375 0.0140625
3 0.62421875 0.26171875 0.0265625 0.02109375
3 0.16328125 0.49375 0.1046875 0.09609375
3 0.196875 0.5890625 0.05 0.0796875
3 0.30234375 0.3828125 0.0265625 0.0421875
3 0.57578125 0.28984375 0.0140625 0.03984375
3 0.66328125 0.24375 0.0171875 0.0140625
3 0.66328125 0.32265625 0.0421875 0.04921875
3 0.51328125 0.5296875 0.0953125 0.09140625
0 0.696875 0.3265625 0.009375 0.0140625
3 0.6953125 0.29921875 0.01875 0.01640625
3 0.025 0.4421875 0.05 0.08203125
0 0.1078125 0.5671875 0.053125 0.03984375
3 0.37109375 0.484375 0.0703125 0.05390625
3 0.37578125 0.40390625 0.0640625 0.0609375
3 0.2171875 0.4484375 0.0125 0.0375
