2 0.25390625 0.92890625 0.2125 0.121875
2 0.08125 0.7609375 0.1578125 0.453125
1 0.53984375 0.9703125 0.125 0.0484375
0 0.73984375 0.9265625 0.20625 0.14375
0 0.64375 0.803125 0.146875 0.125
0 0.2734375 0.82578125 0.146875 0.09375
0 0.5921875 0.68671875 0.1015625 0.0765625
2 0.44921875 0.7625 0.2359375 0.3703125
1 0.29609375 0.671875 0.071875 0.053125
1 0.27109375 0.74765625 0.078125 0.090625
0 0.27265625 0.6125 0.0921875 0.0796875
2 0.1640625 0.62265625 0.0828125 0.328125
2 0.134375 0.44296875 0.0796875 0.0453125
2 0.159375 0.365625 0.071875 0.1109375
2 0.20234375 0.375 0.0140625 0.103125
2 0.1703125 0.2484375 0.0375 0.0375
2 0.18828125 0.2703125 0.034375 0.0125
2 0.1859375 0.28359375 0.0390625 0.009375
2 0.1828125 0.29375 0.0453125 0.0171875
2 0.24296875 0.3265625 0.040625 0.0796875
2 0.23203125 0.2515625 0.034375 0.0421875
2 0.19921875 0.2046875 0.0125 0.015625
2 0.77578125 0.3859375 0.1234375 0.0828125
2 0.56171875 0.3015625 0.04375 0.046875
2 0.5296875 0.28984375 0.0203125 0.0328125
2 0.49453125 0.26328125 0.040625 0.028125
2 0.43828125 0.24296875 0.0359375 0.01875
2 0.37421875 0.221875 0.0265625 0.025
2 0.33125 0.1984375 0.0078125 0.009375
0 0.2234375 0.53203125 0.040625 0.0875
0 0.2359375 0.465625 0.0265625 0.04375
0 0.2109375 0.296875 0.00625 0.040625
0 0.3953125 0.55 0.0703125 0.04375
0 0.35546875 0.47734375 0.0453125 0.0171875
0 0.32265625 0.440625 0.046875 0.015625
0 0.3140625 0.42265625 0.040625 0.021875
0 0.30703125 0.39921875 0.0390625 0.015625
0 0.29921875 0.38125 0.034375 0.009375
0 0.3015625 0.3546875 0.0109375 0.040625
0 0.225 0.215625 0.028125 0.0140625
0 0.53671875 0.61484375 0.0890625 0.0734375
0 0.41796875 0.4921875 0.04375 0.071875
0 0.4109375 0.44296875 0.0515625 0.0265625
0 0.3703125 0.43984375 0.021875 0.053125
0 0.3453125 0.39921875 0.0234375 0.05625
0 0.94296875 0.88359375 0.103125 0.1046875
0 0.74296875 0.6671875 0.075 0.1109375
0 0.92890625 0.621875 0.071875 0.0421875
0 0.97265625 0.58515625 0.0421875 0.034375
0 0.94296875 0.5453125 0.0546875 0.0578125
0 0.98984375 0.54140625 0.0203125 0.05625
0 0.9296875 0.496875 0.05 0.0328125
0 0.75859375 0.571875 0.025 0.078125
0 0.7140625 0.5125 0.065625 0.0453125
0 0.671875 0.5515625 0.0265625 0.040625
0 0.7625 0.49609375 0.0171875 0.053125
0 0.6953125 0.46328125 0.028125 0.05625
0 0.6765625 0.4328125 0.01875 0.0375
0 0.640625 0.44453125 0.0484375 0.0234375
0 0.54921875 0.44921875 0.03125 0.028125
0 0.52734375 0.4171875 0.0296875 0.021875
0 0.55546875 0.4140625 0.0234375 0.0375
0 0.52734375 0.38359375 0.040625 0.0234375
0 0.5421875 0.3609375 0.0265625 0.0125
0 0.53125 0.34921875 0.0296875 0.015625
0 0.553125 0.3328125 0.03125 0.015625
0 0.48515625 0.34375 0.028125 0.015625
0 0.4375 0.34453125 0.0328125 0.0234375
0 0.525 0.32734375 0.00625 0.01875
1 0.278125 0.4828125 0.0296875 0.0625
1 0.284375 0.52578125 0.0515625 0.0234375
1 0.31953125 0.48359375 0.021875 0.071875
1 0.35078125 0.51328125 0.0484375 0.0421875
1 0.359375 0.3578125 0.0296875 0.021875
1 0.1953125 0.22890625 0.00625 0.0140625
1 0.71484375 0.57421875 0.05625 0.0578125
1 0.8984375 0.71796875 0.06875 0.1140625
1 0.96796875 0.7171875 0.059375 0.146875
1 0.73125 0.453125 0.0453125 0.0421875
1 0.66953125 0.40703125 0.0140625 0.0328125
1 0.578125 0.3828125 0.0328125 0.015625
1 0.57109375 0.3703125 0.03125 0.009375
1 0.58828125 0.340625 0.0234375 0.015625
1 0.3453125 0.259375 0.0140625 0.015625
0 0.28515625 0.31171875 0.0109375 0.040625
0 0.38359375 0.3921875 0.0515625 0.0390625
0 0.6203125 0.35703125 0.0390625 0.028125
1 0.6484375 0.36875 0.0140625 0.009375
0 0.4765625 0.37265625 0.0453125 0.034375
3 0.2765625 0.55234375 0.0703125 0.034375
3 0.24609375 0.40625 0.05 0.071875
3 0.27734375 0.2421875 0.0296875 0.01875
3 0.2890625 0.26171875 0.0234375 0.009375
3 0.4609375 0.31171875 0.0453125 0.0515625
3 0.50390625 0.321875 0.0328125 0.0328125
3 0.40546875 0.24453125 0.0234375 0.0140625
3 0.3796875 0.259375 0.0265625 0.021875
3 0.83671875 0.5 0.10625 0.0984375
3 0.8015625 0.59453125 0.0515625 0.08125
3 0.7 0.3859375 0.0265625 0.0421875
3 0.428125 0.28828125 0.0140625 0.040625
3 0.34140625 0.240625 0.0171875 0.0140625
3 0.33984375 0.31953125 0.04375 0.05
3 0.4859375 0.5296875 0.096875 0.0921875
0 0.30625 0.3234375 0.009375 0.0140625
3 0.30859375 0.29609375 0.01875 0.015625
3 0.975 0.45078125 0.05 0.0828125
0 0.890625 0.57421875 0.053125 0.0421875
3 0.62890625 0.48671875 0.071875 0.0546875
3 0.62578125 0.40625 0.065625 0.0625
3 0.78359375 0.453125 0.0125 0.0375
