0 0.71015625 0.91328125 0.1421875 0.1609375
0 0.90546875 0.9609375 0.1078125 0.065625
0 0.86328125 0.84453125 0.1421875 0.1609375
0 0.6390625 0.7734375 0.1125 0.2328125
0 0.93828125 0.68984375 0.1140625 0.11953125
0 0.815625 0.71328125 0.1125 0.1375
0 0.59609375 0.61484375 0.0796875 0.07734375
0 0.61953125 0.540625 0.0796875 0.05390625
0 0.69453125 0.55859375 0.0546875 0.14921875
0 0.571875 0.48359375 0.075 0.065625
0 0.56171875 0.425 0.0546875 0.05078125
0 0.55234375 0.38203125 0.0484375 0.0359375
0 0.54765625 0.34921875 0.0359375 0.0296875
0 0.85703125 0.4921875 0.0421875 0.08359375
0 0.8640625 0.59375 0.06875 0.1078125
0 0.19453125 0.75234375 0.1140625 0.1609375
0 0.28828125 0.6390625 0.0859375 0.13125
0 0.15625 0.58203125 0.04375 0.071875
0 0.24609375 0.51328125 0.0515625 0.0953125
0 0.59765625 0.38046875 0.0234375 0.075
0 0.02265625 0.95078125 0.0453125 0.08671875
0 0.39921875 0.66875 0.1015625 0.07734375
0 0.390625 0.31953125 0.025 0.065625
0 0.34609375 0.28046875 0.0203125 0.04140625
0 0.32109375 0.31484375 0.0265625 0.0390625
0 0.29453125 0.3609375 0.0390625 0.04765625
0 0.3796875 0.25390625 0.01875 0.0296875
0 0.41953125 0.25234375 0.0296875 0.0328125
0 0.2890625 0.25390625 0.025 0.02421875
0 0.3328125 0.4671875 0.05625 0.04453125
0 0.3390625 0.396875 0.03125 0.065625
0 0.33203125 0.9625 0.1640625 0.0625
0 0.55546875 0.234375 0.0234375 0.02109375
0 0.31640625 0.2609375 0.0265625 0.01484375
0 0.44609375 0.2375 0.0171875 0.0265625
0 0.90546875 0.41484375 0.0703125 0.05390625
3 0.95546875 0.54296875 0.0796875 0.14296875
3 0.77890625 0.571875 0.1015625 0.14609375
3 0.784375 0.36875 0.040625 0.12265625
1 0.8296875 0.41328125 0.04375 0.0625
1 0.734375 0.45234375 0.034375 0.06875
1 0.63359375 0.38046875 0.0359375 0.0265625
1 0.56015625 0.2984375 0.0328125 0.0296875
1 0.034375 0.796875 0.06875 0.21484375
1 0.6015625 0.3328125 0.034375 0.01484375
3 0.546875 0.1984375 0.025 0.04453125
3 0.0578125 0.46875 0.075 0.14921875
1 0.21640625 0.628125 0.0421875 0.08046875
1 0.54296875 0.64453125 0.0234375 0.1078125
1 0.8625 0.41171875 0.01875 0.04765625
3 0.3515625 0.81640625 0.14375 0.22421875
1 0.21640625 0.31796875 0.0171875 0.02109375
1 0.2328125 0.30859375 0.00625 0.0328125
3 0.2578125 0.296875 0.0375 0.05703125
2 0.23828125 0.2375 0.0515625 0.075
2 0.31796875 0.1984375 0.0515625 0.08671875
2 0.37265625 0.19140625 0.0515625 0.065625
2 0.09375 0.340625 0.134375 0.1015625
2 0.19140625 0.38984375 0.0953125 0.11640625
0 0.278125 0.42109375 0.075 0.065625
0 0.146875 0.4921875 0.096875 0.07734375
0 0.4265625 0.35234375 0.046875 0.04765625
3 0.440625 0.28671875 0.0375 0.0296875
0 0.39453125 0.403125 0.0703125 0.05390625
3 0.39609375 0.47734375 0.0671875 0.059375
3 0.4015625 0.56875 0.084375 0.11640625
3 0.1015625 0.6921875 0.059375 0.203125
2 0.60234375 0.24140625 0.0640625 0.08984375
2 0.69140625 0.3015625 0.1046875 0.1375
2 0.7671875 0.2609375 0.034375 0.0625
2 0.690625 0.21015625 0.059375 0.05078125
2 0.64453125 0.18046875 0.0265625 0.05703125
2 0.6140625 0.1671875 0.03125 0.05390625
2 0.57265625 0.165625 0.0265625 0.04453125
2 0.59375 0.1609375 0.009375 0.05390625
3 0.67421875 0.4390625 0.0765625 0.0953125
3 0.45234375 0.19140625 0.0203125 0.0296875
1 0.4625 0.228125 0.009375 0.0265625
0 0.14921875 0.91015625 0.1796875 0.1671875
