0 0.33359375 0.92265625 0.1578125 0.1546875
0 0.14453125 0.98125 0.1140625 0.0375
0 0.175 0.88046875 0.1578125 0.175
0 0.390625 0.78671875 0.1359375 0.24375
0 0.08359375 0.734375 0.1265625 0.1296875
0 0.20859375 0.7453125 0.1265625 0.1484375
0 0.41640625 0.62421875 0.0875 0.0859375
0 0.38515625 0.553125 0.084375 0.0609375
0 0.3125 0.57890625 0.0703125 0.1546875
0 0.4265625 0.49140625 0.08125 0.0734375
0 0.43046875 0.43203125 0.059375 0.0546875
0 0.4359375 0.38828125 0.0515625 0.040625
0 0.43671875 0.3546875 0.0390625 0.0328125
0 0.14375 0.5296875 0.05 0.0890625
0 0.14765625 0.63125 0.0796875 0.1140625
0 0.83046875 0.71875 0.1296875 0.171875
0 0.725 0.61640625 0.0984375 0.1390625
0 0.85078125 0.5453125 0.0515625 0.0765625
0 0.75390625 0.48671875 0.0609375 0.1
0 0.390625 0.39140625 0.03125 0.0765625
0 0.61796875 0.65703125 0.109375 0.0890625
0 0.58984375 0.309375 0.03125 0.0671875
0 0.63046875 0.265625 0.025 0.0421875
0 0.65859375 0.296875 0.03125 0.0421875
0 0.68984375 0.33984375 0.04375 0.05
0 0.59375 0.24296875 0.021875 0.03125
0 0.55390625 0.2453125 0.0328125 0.0359375
0 0.684375 0.23359375 0.028125 0.028125
0 0.6625 0.45 0.0609375 0.05
0 0.64921875 0.38046875 0.0375 0.06875
0 0.715625 0.9421875 0.1703125 0.0796875
0 0.4171875 0.24140625 0.025 0.0234375
0 0.6578125 0.24296875 0.028125 0.01875
0 0.5265625 0.23359375 0.0203125 0.028125
0 0.0875 0.4578125 0.075 0.0609375
3 0.0515625 0.590625 0.09375 0.1515625
3 0.23046875 0.60078125 0.115625 0.15625
3 0.203125 0.39921875 0.053125 0.125
1 0.16328125 0.4484375 0.05 0.0671875
1 0.26171875 0.47734375 0.040625 0.071875
1 0.3546875 0.3953125 0.0390625 0.0296875
1 0.41875 0.30546875 0.0359375 0.0328125
1 0.97421875 0.746875 0.0515625 0.221875
1 0.38125 0.34453125 0.0359375 0.01875
3 0.421875 0.2046875 0.0296875 0.046875
3 0.93671875 0.42265625 0.090625 0.15625
1 0.7953125 0.59765625 0.05 0.0859375
1 0.47265625 0.6484375 0.034375 0.109375
1 0.13046875 0.45 0.0234375 0.0484375
3 0.68046875 0.79921875 0.1671875 0.2390625
1 0.76328125 0.2890625 0.01875 0.0234375
1 0.74609375 0.28203125 0.009375 0.0328125
3 0.71953125 0.27265625 0.04375 0.059375
2 0.7328125 0.21171875 0.059375 0.0796875
2 0.64921875 0.18125 0.0609375 0.0921875
2 0.59453125 0.1796875 0.0578125 0.0703125
2 0.8875 0.29921875 0.14375 0.115625
2 0.7953125 0.3578125 0.10625 0.125
0 0.7125 0.3984375 0.08125 0.0734375
0 0.85 0.45546875 0.1046875 0.0875
0 0.5578125 0.3453125 0.0515625 0.0515625
3 0.53671875 0.28203125 0.040625 0.0328125
0 0.59453125 0.39296875 0.075 0.0609375
3 0.60078125 0.46640625 0.0734375 0.065625
3 0.60546875 0.5578125 0.0953125 0.1234375
3 0.91640625 0.64921875 0.0796875 0.2078125
2 0.37109375 0.25390625 0.0734375 0.096875
2 0.2890625 0.32265625 0.11875 0.1484375
2 0.209375 0.28984375 0.040625 0.065625
2 0.28046875 0.23203125 0.0640625 0.05625
2 0.32265625 0.19765625 0.0328125 0.059375
2 0.3515625 0.18125 0.0359375 0.05625
2 0.39296875 0.175 0.03125 0.046875
2 0.37109375 0.17265625 0.015625 0.053125
3 0.3203125 0.4578125 0.0859375 0.103125
3 0.51484375 0.18828125 0.0234375 0.03125
1 0.50859375 0.22578125 0.0125 0.028125
0 0.89140625 0.87109375 0.196875 0.184375
