1 0.86640625 0.896875 0.09375 0.1515625
1 0.353125 0.54921875 0.0171875 0.03125
0 0.19921875 0.85703125 0.125 0.14375
0 0.64921875 0.790625 0.0875 0.1125
0 0.64921875 0.6828125 0.0546875 0.0640625
0 0.359375 0.64140625 0.046875 0.0515625
0 0.415625 0.5890625 0.0296875 0.0390625
0 0.48046875 0.52734375 0.01875 0.0203125
0 0.3984375 0.53515625 0.021875 0.0234375
0 0.546875 0.59921875 0.0265625 0.0515625
0 0.41171875 0.50234375 0.0140625 0.0140625
0 0.47265625 0.4859375 0.009375 0.0125
0 0.40078125 0.51640625 0.015625 0.0140625
1 0.375 0.5953125 0.0125 0.040625
3 0.16328125 0.68359375 0.0765625 0.0875
0 0.04921875 0.63203125 0.0703125 0.053125
0 0.09609375 0.60625 0.04375 0.0421875
0 0.23359375 0.5546875 0.03125 0.0328125
0 0.259375 0.5515625 0.0171875 0.0265625
0 0.23359375 0.53046875 0.03125 0.015625
1 0.04140625 0.69296875 0.0390625 0.0640625
1 0.01171875 0.70703125 0.0234375 0.0671875
3 0.3671875 0.753125 0.0734375 0.115625
1 0.5296875 0.51640625 0.009375 0.015625
1 0.5453125 0.51640625 0.00625 0.01875
3 0.4328125 0.53671875 0.021875 0.0296875
2 0.503125 0.60546875 0.0671875 0.128125
2 0.42890625 0.5078125 0.0203125 0.025
2 0.43671875 0.4890625 0.0203125 0.0171875
2 0.47734375 0.465625 0.0078125 0.0140625
3 0.48984375 0.49140625 0.0171875 0.03125
1 0.159375 0.62109375 0.0234375 0.0546875
1 0.075 0.66484375 0.03125 0.0625
