1 0.88671875 0.87734375 0.0859375 0.146875
1 0.35625 0.55703125 0.015625 0.03046875
0 0.21796875 0.87265625 0.1171875 0.1375
0 0.6640625 0.7828125 0.08125 0.1078125
0 0.65859375 0.675 0.0515625 0.0609375
0 0.3671875 0.6484375 0.04375 0.04921875
0 0.4203125 0.59375 0.028125 0.0375
0 0.48203125 0.528125 0.0171875 0.01875
0 0.40078125 0.540625 0.0203125 0.02109375
0 0.55234375 0.596875 0.0234375 0.04921875
0 0.41171875 0.50703125 0.0140625 0.0140625
0 0.471875 0.4875 0.009375 0.01171875
0 0.4015625 0.521875 0.015625 0.01171875
1 0.38046875 0.6015625 0.0109375 0.03984375
3 0.1734375 0.70078125 0.071875 0.084375
0 0.05703125 0.65546875 0.0671875 0.04921875
0 0.10234375 0.62734375 0.0421875 0.03984375
0 0.23671875 0.56875 0.0296875 0.03046875
0 0.2625 0.5640625 0.015625 0.02578125
0 0.2359375 0.54453125 0.03125 0.0140625
1 0.05234375 0.71640625 0.0359375 0.06328125
1 0.01953125 0.73359375 0.0296875 0.065625
3 0.38046875 0.759375 0.0671875 0.1125
1 0.53046875 0.51484375 0.0078125 0.01640625
1 0.54609375 0.5140625 0.0046875 0.01875
3 0.43515625 0.53984375 0.0203125 0.028125
2 0.50859375 0.60546875 0.0609375 0.12578125
2 0.4296875 0.51171875 0.01875 0.0234375
2 0.4359375 0.4921875 0.01875 0.01640625
2 0.47578125 0.4671875 0.0078125 0.0140625
3 0.4890625 0.4921875 0.015625 0.03046875
1 0.16640625 0.6390625 0.0203125 0.05390625
1 0.084375 0.68671875 0.028125 0.0609375
