1 0.1359375 0.9296875 0.1640625 0.11875
1 0.22578125 0.12734375 0.1375 0.1
1 0.3875 0.20859375 0.0859375 0.053125
1 0.453125 0.22578125 0.0578125 0.028125
1 0.4453125 0.3625 0.078125 0.0453125
1 0.48046875 0.33046875 0.0640625 0.0328125
1 0.521875 0.31640625 0.03125 0.025
1 0.53125 0.36796875 0.05 0.0328125
1 0.54765625 0.44453125 0.0515625 0.0265625
1 0.55703125 0.4265625 0.0453125 0.0171875
1 0.29453125 0.784375 0.15 0.06875
1 0.35078125 0.8375 0.0859375 0.05
1 0.415625 0.79765625 0.05 0.05625
1 0.2484375 0.64453125 0.103125 0.046875
1 0.42421875 0.559375 0.0625 0.0296875
1 0.5625 0.6078125 0.0359375 0.01875
1 0.6171875 0.64140625 0.0421875 0.0203125
2 0.646875 0.5859375 0.0453125 0.0234375
1 0.6640625 0.571875 0.01875 0.009375
1 0.265625 0.88203125 0.1203125 0.059375
1 0.19375 0.84609375 0.1953125 0.0671875
0 0.53125 0.6984375 0.065625 0.05
1 0.66328125 0.515625 0.01875 0.009375
2 0.63125 0.50078125 0.05 0.03125
1 0.6265625 0.47734375 0.0296875 0.0140625
1 0.59140625 0.44140625 0.0390625 0.0203125
2 0.57578125 0.39609375 0.06875 0.0515625
3 0.425 0.2609375 0.0953125 0.053125
1 0.365625 0.16640625 0.0734375 0.046875
0 0.32734375 0.096875 0.0921875 0.1046875
1 0.30703125 0.97578125 0.0921875 0.0484375
1 0.3453125 0.94453125 0.08125 0.0390625
1 0.346875 0.871875 0.0609375 0.0328125
1 0.48046875 0.8125 0.0546875 0.01875
