1 0.88203125 0.9140625 0.1015625 0.15390625
1 0.096875 0.7265625 0.084375 0.128125
1 0.196875 0.57578125 0.04375 0.08125
1 0.221875 0.51328125 0.021875 0.05546875
1 0.35703125 0.5375 0.0359375 0.07578125
1 0.3296875 0.4984375 0.025 0.0609375
1 0.3203125 0.45625 0.021875 0.02890625
1 0.37265625 0.453125 0.0265625 0.046875
1 0.45078125 0.44609375 0.0203125 0.04921875
1 0.434375 0.434375 0.0125 0.04375
1 0.75703125 0.73828125 0.0515625 0.1453125
1 0.8171875 0.6890625 0.040625 0.08125
1 0.78515625 0.6203125 0.0515625 0.04375
1 0.6125 0.7671875 0.034375 0.09921875
1 0.55 0.5828125 0.021875 0.0609375
1 0.61484375 0.45078125 0.0140625 0.03515625
1 0.6546875 0.40078125 0.015625 0.040625
2 0.603125 0.36484375 0.01875 0.04375
1 0.59140625 0.34609375 0.0078125 0.0171875
1 0.85078125 0.77890625 0.0453125 0.11640625
1 0.80625 0.84609375 0.04375 0.1921875
0 0.70078125 0.49296875 0.0421875 0.0609375
1 0.53515625 0.33984375 0.0078125 0.0171875
2 0.5171875 0.36953125 0.025 0.046875
1 0.49296875 0.371875 0.0109375 0.02890625
1 0.453125 0.40234375 0.015625 0.0375
2 0.40625 0.4125 0.04375 0.0640625
3 0.25390625 0.5453125 0.0421875 0.08984375
1 0.15234375 0.59296875 0.0390625 0.06953125
0 0.07890625 0.621875 0.0953125 0.08125
1 0.9515625 0.75 0.04375 0.0875
1 0.92265625 0.7078125 0.0296875 0.078125
1 0.85078125 0.69765625 0.0265625 0.0578125
1 0.8078125 0.5578125 0.0125 0.05234375
