2 0.79453125 0.759375 0.2171875 0.1359375
2 0.57734375 0.8015625 0.1671875 0.13359375
2 0.38359375 0.8359375 0.2109375 0.13359375
2 0.03359375 0.828125 0.0671875 0.14375
3 0.0390625 0.6984375 0.075 0.1359375
3 0.04609375 0.5671875 0.0703125 0.13125
3 0.10390625 0.471875 0.0484375 0.121875
0 0.3359375 0.59140625 0.071875 0.0828125
3 0.2546875 0.5015625 0.075 0.09765625
2 0.40859375 0.5234375 0.1546875 0.11171875
2 0.5359375 0.46484375 0.140625 0.06796875
2 0.68671875 0.53984375 0.1671875 0.0875
2 0.09140625 0.31640625 0.0453125 0.0921875
3 0.18671875 0.35 0.0421875 0.09765625
2 0.278125 0.41640625 0.1 0.1703125
2 0.13828125 0.215625 0.0484375 0.1828125
2 0.1859375 0.22734375 0.0375 0.12421875
2 0.221875 0.1421875 0.0375 0.12421875
2 0.26796875 0.0609375 0.0578125 0.05859375
2 0.253125 0.0171875 0.053125 0.034375
2 0.33203125 0.1328125 0.1015625 0.1046875
2 0.41171875 0.24296875 0.0828125 0.1265625
0 0.1640625 0.07421875 0.028125 0.05625
3 0.13515625 0.1109375 0.0296875 0.03671875
2 0.046875 0.06171875 0.09375 0.1234375
1 0.18046875 0.0109375 0.0234375 0.021875
2 0.69921875 0.46875 0.1359375 0.0609375
2 0.5234375 0.3421875 0.125 0.16796875
2 0.66171875 0.3859375 0.1484375 0.109375
2 0.86796875 0.50859375 0.1328125 0.09765625
2 0.93125 0.44140625 0.134375 0.065625
2 0.95390625 0.3953125 0.0859375 0.03671875
2 0.96484375 0.5203125 0.0640625 0.09765625
1 0.15625 0.3515625 0.03125 0.05078125
1 0.171875 0.484375 0.034375 0.0484375
1 0.190625 0.04296875 0.015625 0.04140625
1 0.21953125 0.0484375 0.0203125 0.04375
1 0.309375 0.059375 0.015625 0.03671875
1 0.190625 0.14140625 0.021875 0.034375
1 0.23828125 0.90859375 0.0484375 0.05078125
1 0.21171875 0.94609375 0.0546875 0.078125
1 0.25703125 0.6828125 0.0359375 0.05078125
1 0.309375 0.671875 0.04375 0.04375
1 0.2953125 0.63125 0.0625 0.03671875
1 0.23125 0.58359375 0.034375 0.078125
1 0.26015625 0.59765625 0.0234375 0.04609375
1 0.29453125 0.53671875 0.0265625 0.0265625
1 0.31015625 0.3609375 0.0234375 0.0703125
1 0.3328125 0.3671875 0.01875 0.05859375
1 0.34609375 0.33828125 0.0203125 0.0484375
1 0.265625 0.3125 0.028125 0.0609375
1 0.28125 0.27734375 0.025 0.05859375
1 0.3859375 0.61171875 0.03125 0.03125
1 0.3796875 0.56796875 0.03125 0.05625
1 0.36484375 0.36640625 0.0171875 0.04140625
1 0.3875 0.38359375 0.01875 0.05078125
1 0.41171875 0.3890625 0.0234375 0.07265625
1 0.4359375 0.3796875 0.01875 0.05859375
1 0.42578125 0.33828125 0.0234375 0.01953125
1 0.54453125 0.90390625 0.0546875 0.0609375
1 0.41796875 0.6328125 0.0328125 0.04375
1 0.46015625 0.61171875 0.0359375 0.04609375
1 0.50859375 0.61953125 0.0484375 0.05078125
1 0.40390625 0.44296875 0.0421875 0.034375
1 0.4328125 0.45 0.025 0.02890625
1 0.55546875 0.625 0.0390625 0.0484375
1 0.53046875 0.58515625 0.0359375 0.03125
1 0.51796875 0.53125 0.0328125 0.021875
1 0.53671875 0.55859375 0.0234375 0.04140625
1 0.57578125 0.58359375 0.0359375 0.0390625
1 0.5609375 0.5265625 0.04375 0.03671875
1 0.6109375 0.60078125 0.040625 0.0390625
1 0.64296875 0.60078125 0.0171875 0.0484375
1 0.671875 0.628125 0.040625 0.0484375
1 0.71171875 0.6375 0.0359375 0.05390625
1 0.75546875 0.63046875 0.0453125 0.05390625
1 0.78203125 0.5671875 0.0171875 0.05390625
1 0.79765625 0.62890625 0.0359375 0.05078125
1 0.78828125 0.58515625 0.0203125 0.0265625
1 0.83828125 0.63046875 0.0359375 0.0484375
1 0.94921875 0.62265625 0.0265625 0.0390625
1 0.984375 0.615625 0.025 0.05390625
1 0.82265625 0.58046875 0.0296875 0.03125
1 0.78515625 0.49609375 0.0234375 0.05390625
1 0.7765625 0.43671875 0.021875 0.05078125
1 0.93984375 0.57890625 0.0203125 0.04375
1 0.91015625 0.60078125 0.0234375 0.0390625
1 0.89765625 0.56171875 0.0234375 0.034375
1 0.85546875 0.559375 0.0171875 0.02890625
1 0.87421875 0.5921875 0.0515625 0.04609375
1 0.6171875 0.45703125 0.01875 0.04375
1 0.796875 0.45859375 0.0125 0.03125
