2 0.18515625 0.265625 0.178125 0.240625
2 0.1890625 0.48671875 0.165625 0.1921875
2 0.1953125 0.68359375 0.175 0.234375
2 0.27578125 0.98828125 0.1546875 0.0234375
3 0.40078125 0.9703125 0.1484375 0.059375
3 0.528125 0.9546875 0.14375 0.090625
3 0.61015625 0.88125 0.1296875 0.0734375
0 0.44453125 0.6796875 0.0953125 0.0875
3 0.54921875 0.740625 0.1109375 0.09375
2 0.49609375 0.59453125 0.1421875 0.175
2 0.5265625 0.4578125 0.096875 0.1515625
2 0.421875 0.32578125 0.1203125 0.18125
2 0.76484375 0.86171875 0.1 0.0640625
3 0.71171875 0.775 0.103125 0.0609375
2 0.628125 0.7 0.1875 0.1328125
2 0.853125 0.79453125 0.1890625 0.0859375
2 0.83203125 0.75078125 0.1296875 0.0625
2 0.9078125 0.69765625 0.1296875 0.0625
2 0.97109375 0.6359375 0.0578125 0.06875
2 0.89375 0.58828125 0.1234375 0.121875
2 0.76953125 0.5328125 0.140625 0.1078125
0 0.97734375 0.73984375 0.0453125 0.0390625
3 0.95625 0.77578125 0.0421875 0.0375
2 0.97578125 0.85234375 0.0484375 0.1171875
2 0.4890625 0.2984375 0.0875 0.1453125
2 0.64921875 0.44453125 0.190625 0.1578125
2 0.578125 0.31796875 0.1375 0.1671875
2 0.41484375 0.1421875 0.121875 0.15
2 0.46796875 0.06875 0.0921875 0.1375
2 0.50703125 0.03984375 0.0546875 0.0796875
2 0.38359375 0.04921875 0.1078125 0.0828125
1 0.71640625 0.80546875 0.0546875 0.040625
1 0.58359375 0.81796875 0.0546875 0.04375
1 0.99453125 0.70703125 0.0109375 0.0234375
1 0.98828125 0.68046875 0.0234375 0.0296875
1 0.9703125 0.59453125 0.040625 0.0234375
1 0.91484375 0.728125 0.0375 0.028125
1 0.1546875 0.840625 0.059375 0.0578125
1 0.1234375 0.875 0.0875 0.0703125
1 0.371875 0.77578125 0.05625 0.0453125
1 0.371875 0.721875 0.0515625 0.0515625
1 0.4140625 0.72734375 0.05 0.06875
1 0.47421875 0.78046875 0.0828125 0.05
1 0.4546875 0.7546875 0.05 0.0328125
1 0.50703125 0.70859375 0.03125 0.03125
1 0.67578125 0.65703125 0.0734375 0.0375
1 0.66484375 0.6359375 0.0625 0.03125
1 0.68984375 0.6171875 0.0515625 0.0296875
1 0.73203125 0.690625 0.065625 0.040625
1 0.76328125 0.66796875 0.0625 0.0375
1 0.4140625 0.63515625 0.0375 0.0375
1 0.45859375 0.63203125 0.0609375 0.0421875
1 0.65859375 0.6046875 0.04375 0.025
1 0.6375 0.5859375 0.053125 0.028125
1 0.6265625 0.56328125 0.075 0.0375
1 0.63125 0.5375 0.0625 0.03125
1 0.6734375 0.5390625 0.0234375 0.0265625
1 0.0953125 0.540625 0.0703125 0.065625
1 0.3875 0.6078125 0.05 0.040625
1 0.39921875 0.5625 0.053125 0.0453125
1 0.38125 0.51640625 0.059375 0.0578125
1 0.57578125 0.58203125 0.0421875 0.0484375
1 0.5625 0.55546875 0.0328125 0.0296875
1 0.36640625 0.471875 0.05625 0.0484375
1 0.41015625 0.48828125 0.0375 0.0421875
1 0.465625 0.4890625 0.028125 0.0359375
1 0.43515625 0.4765625 0.0453125 0.03125
1 0.40234375 0.44296875 0.0453125 0.04375
1 0.46171875 0.44609375 0.0453125 0.05
1 0.378125 0.4125 0.046875 0.0484375
1 0.371875 0.38125 0.0515625 0.0265625
1 0.3390625 0.35859375 0.05625 0.05
1 0.321875 0.321875 0.059375 0.046875
1 0.31953125 0.27734375 0.0609375 0.0546875
1 0.37578125 0.23828125 0.05625 0.028125
1 0.31171875 0.2359375 0.05625 0.0453125
1 0.35703125 0.2359375 0.0296875 0.025
1 0.30234375 0.19609375 0.0546875 0.0453125
1 0.28671875 0.0859375 0.04375 0.034375
1 0.2859375 0.05 0.0578125 0.0359375
1 0.35390625 0.20078125 0.0375 0.0359375
1 0.44453125 0.2203125 0.05625 0.034375
1 0.5046875 0.21640625 0.053125 0.03125
1 0.33125 0.0859375 0.046875 0.0296875
1 0.31640625 0.11953125 0.04375 0.03125
1 0.35703125 0.12421875 0.0390625 0.0296875
1 0.36796875 0.16484375 0.03125 0.0234375
1 0.33203125 0.153125 0.05625 0.0609375
1 0.51796875 0.3765625 0.046875 0.028125
1 0.47890625 0.20078125 0.0328125 0.01875
