1 0.70703125 0.7125 0.0359375 0.10625
1 0.6078125 0.44296875 0.028125 0.06953125
1 0.57421875 0.5125 0.0359375 0.08671875
1 0.525 0.5765625 0.040625 0.10859375
1 0.47734375 0.5296875 0.0421875 0.09765625
1 0.4171875 0.33203125 0.01875 0.028125
1 0.41328125 0.3703125 0.0109375 0.0421875
1 0.4296875 0.37265625 0.01875 0.0359375
0 0.53515625 0.409375 0.0296875 0.04765625
0 0.34609375 0.53203125 0.0671875 0.07578125
0 0.4203125 0.421875 0.0375 0.05
0 0.4671875 0.35625 0.025 0.0359375
0 0.55703125 0.27265625 0.0109375 0.01953125
1 0.51171875 0.29453125 0.0046875 0.01953125
3 0.47421875 0.29453125 0.0140625 0.03046875
