1 0.24375 0.64921875 0.1125 0.0609375
1 0.52890625 0.61875 0.0734375 0.04375
1 0.46953125 0.56875 0.09375 0.05625
1 0.41953125 0.50546875 0.115625 0.065625
1 0.4765625 0.47109375 0.1046875 0.0640625
1 0.6828125 0.46015625 0.03125 0.025
1 0.646875 0.446875 0.04375 0.0203125
1 0.640625 0.4625 0.0390625 0.0265625
0 0.5796875 0.55625 0.053125 0.040625
0 0.50625 0.34296875 0.0890625 0.0828125
0 0.5953125 0.44140625 0.0578125 0.0484375
0 0.64765625 0.503125 0.040625 0.0328125
0 0.70703125 0.61015625 0.0203125 0.015625
1 0.696875 0.5609375 0.01875 0.009375
3 0.70546875 0.525 0.034375 0.021875
