3 0.1796875 0.4671875 0.065625 0.06796875
1 0.16484375 0.515625 0.0203125 0.03984375
3 0.35234375 0.37421875 0.0703125 0.0625
1 0.36328125 0.4109375 0.0171875 0.02265625
3 0.125 0.94453125 0.25 0.0875
3 0.1234375 0.76875 0.246875 0.3484375
3 0.30234375 0.67578125 0.1171875 0.24609375
3 0.44453125 0.65703125 0.1265625 0.23828125
3 0.47890625 0.50703125 0.1015625 0.14765625
3 0.45546875 0.4734375 0.0921875 0.15859375
3 0.540625 0.47578125 0.059375 0.15859375
3 0.66875 0.40390625 0.0625 0.11640625
3 0.6015625 0.41328125 0.05 0.11875
3 0.546875 0.375 0.05625 0.0421875
3 0.70859375 0.390625 0.0234375 0.06796875
3 0.73046875 0.365625 0.0328125 0.0796875
3 0.7578125 0.35234375 0.025 0.07109375
3 0.784375 0.34140625 0.025 0.059375
3 0.83125 0.3203125 0.034375 0.0625
