3 0.17890625 0.47265625 0.0671875 0.0703125
1 0.16484375 0.52109375 0.0203125 0.040625
3 0.35 0.3765625 0.071875 0.0640625
1 0.36171875 0.41328125 0.0171875 0.021875
3 0.1328125 0.95078125 0.2515625 0.0921875
3 0.128125 0.775 0.253125 0.353125
3 0.30546875 0.67890625 0.121875 0.2484375
3 0.44765625 0.6578125 0.13125 0.2390625
3 0.47890625 0.50703125 0.1046875 0.1484375
3 0.4546875 0.47421875 0.0953125 0.1609375
3 0.53984375 0.475 0.0625 0.1609375
3 0.6671875 0.40078125 0.0640625 0.1171875
3 0.6 0.41171875 0.0515625 0.1203125
3 0.54453125 0.37421875 0.05625 0.04375
3 0.70703125 0.38671875 0.025 0.06875
3 0.728125 0.36171875 0.034375 0.0796875
3 0.75546875 0.34765625 0.0265625 0.071875
3 0.78125 0.33671875 0.0265625 0.059375
3 0.828125 0.31484375 0.0359375 0.0625
