2 0.2390625 0.69609375 0.315625 0.37734375
3 0.7125 0.8046875 0.246875 0.3453125
3 0.9109375 0.5078125 0.171875 0.21484375
3 0.56640625 0.6046875 0.2140625 0.3546875
3 0.46015625 0.52109375 0.1703125 0.32265625
3 0.35625 0.43515625 0.1375 0.18515625
2 0.25703125 0.4109375 0.0671875 0.1625
3 0.225 0.3515625 0.090625 0.1828125
3 0.1484375 0.31640625 0.06875 0.1125
3 0.59921875 0.29375 0.0734375 0.15234375
3 0.73828125 0.2671875 0.0921875 0.125
3 0.665625 0.25234375 0.0625 0.11015625
1 0.74765625 0.3484375 0.0390625 0.07265625
3 0.696875 0.3625 0.053125 0.08984375
3 0.91796875 0.3640625 0.0921875 0.0921875
0 0.14375 0.4390625 0.0625 0.0671875
3 0.04765625 0.55390625 0.0796875 0.1375
3 0.5453125 0.3046875 0.04375 0.1
2 0.5109375 0.29140625 0.0375 0.07265625
3 0.421875 0.3078125 0.075 0.075
2 0.34921875 0.27109375 0.2171875 0.12265625
3 0.496875 0.2578125 0.04375 0.0796875
3 0.1015625 0.1875 0.0375 0.0703125
3 0.084375 0.1671875 0.03125 0.0703125
0 0.096875 0.23359375 0.028125 0.0375
