2 0.7828125 0.6625 0.359375 0.4140625
3 0.3265625 0.8203125 0.2875 0.359375
3 0.0953125 0.5578125 0.190625 0.234375
3 0.446875 0.61171875 0.25625 0.378125
3 0.5421875 0.51640625 0.2078125 0.340625
3 0.63515625 0.41796875 0.159375 0.2
2 0.73046875 0.38203125 0.0859375 0.16875
3 0.7546875 0.31953125 0.1125 0.1921875
3 0.8265625 0.275 0.08125 0.1203125
3 0.3765625 0.30703125 0.0921875 0.1609375
3 0.23515625 0.29765625 0.10625 0.1359375
3 0.30546875 0.27421875 0.075 0.115625
1 0.2359375 0.3796875 0.046875 0.0765625
3 0.2875 0.3875 0.0640625 0.096875
3 0.06875 0.415625 0.103125 0.103125
0 0.84609375 0.39609375 0.0703125 0.075
3 0.95390625 0.4984375 0.0921875 0.146875
3 0.43125 0.31171875 0.05625 0.1046875
2 0.4640625 0.29453125 0.0453125 0.0765625
3 0.55390625 0.3 0.0828125 0.0828125
2 0.621875 0.2546875 0.2296875 0.146875
3 0.4734375 0.259375 0.053125 0.084375
3 0.85703125 0.14140625 0.0453125 0.075
3 0.871875 0.11875 0.0390625 0.0734375
0 0.86796875 0.18671875 0.0328125 0.040625
