3 0.6265625 0.73046875 0.46875 0.52265625
2 0.121875 0.59921875 0.24375 0.78984375
0 0.3703125 0.7875 0.3125 0.41640625
0 0.28203125 0.63046875 0.1953125 0.15234375
3 0.82734375 0.453125 0.1765625 0.20234375
0 0.94921875 0.40078125 0.0703125 0.14375
1 0.96328125 0.540625 0.0484375 0.12265625
3 0.47890625 0.47109375 0.2015625 0.225
1 0.6140625 0.490625 0.125 0.18125
0 0.3390625 0.45703125 0.190625 0.17734375
2 0.5640625 0.228125 0.103125 0.09375
0 0.63828125 0.38046875 0.1171875 0.08984375
3 0.853125 0.325 0.125 0.1
0 0.5375 0.35234375 0.1 0.05390625
0 0.953125 0.309375 0.071875 0.07265625
0 0.60859375 0.31171875 0.0765625 0.05234375
1 0.28671875 0.33203125 0.0359375 0.05234375
1 0.41796875 0.271875 0.0421875 0.05234375
1 0.49453125 0.24140625 0.0265625 0.0375
1 0.46328125 0.25 0.0234375 0.0375
0 0.70390625 0.303125 0.0859375 0.07265625
0 0.7421875 0.340625 0.103125 0.07265625
0 0.6578125 0.27734375 0.0625 0.0625
0 0.74296875 0.271875 0.0515625 0.04375
3 0.83828125 0.25078125 0.0734375 0.06484375
3 0.934375 0.24375 0.071875 0.0625
3 0.70703125 0.23828125 0.0578125 0.03984375
