3 0.69453125 0.67421875 0.6109375 0.5734375
2 0.634375 0.18046875 0.73125 0.3609375
0 0.7859375 0.43828125 0.428125 0.3984375
0 0.67578125 0.3171875 0.19375 0.225
3 0.38046875 0.80859375 0.2375 0.2171875
0 0.30234375 0.915625 0.15625 0.1015625
1 0.43515625 0.96015625 0.1296875 0.075
3 0.4765625 0.47265625 0.2640625 0.246875
1 0.46484375 0.609375 0.2046875 0.1625
0 0.49453125 0.33359375 0.2171875 0.2265625
2 0.2203125 0.5015625 0.1140625 0.121875
0 0.35234375 0.6078125 0.1140625 0.134375
3 0.25 0.8046875 0.125 0.14375
0 0.34765625 0.503125 0.075 0.109375
0 0.2125 0.8984375 0.0859375 0.0859375
0 0.2921875 0.56328125 0.06875 0.0859375
1 0.384375 0.2546875 0.059375 0.046875
1 0.29609375 0.36875 0.0609375 0.053125
1 0.24921875 0.43671875 0.0421875 0.034375
1 0.26484375 0.4078125 0.0421875 0.03125
0 0.2625 0.6546875 0.0890625 0.1
0 0.28984375 0.7 0.09375 0.1171875
0 0.24765625 0.60390625 0.075 0.075
0 0.2234375 0.68515625 0.0546875 0.059375
3 0.18125 0.7734375 0.0796875 0.0859375
3 0.15234375 0.865625 0.0765625 0.084375
3 0.1984375 0.64296875 0.053125 0.065625
