1 0.96171875 0.80703125 0.0703125 0.20625
1 0.86953125 0.9625 0.0984375 0.07109375
1 0.765625 0.89453125 0.090625 0.20234375
1 0.82578125 0.76640625 0.0703125 0.0875
1 0.74921875 0.72734375 0.0796875 0.13359375
1 0.8234375 0.68203125 0.046875 0.08515625
1 0.7578125 0.54140625 0.03125 0.075
1 0.7140625 0.51953125 0.046875 0.14765625
1 0.95234375 0.62578125 0.0859375 0.08125
1 0.96953125 0.44765625 0.0546875 0.10390625
1 0.8234375 0.44296875 0.040625 0.06484375
1 0.75234375 0.365625 0.0359375 0.06875
1 0.65703125 0.25546875 0.0203125 0.03515625
1 0.64296875 0.22578125 0.0171875 0.01875
1 0.61328125 0.175 0.0140625 0.03359375
1 0.6359375 0.209375 0.015625 0.01484375
1 0.59921875 0.17421875 0.0109375 0.02265625
1 0.58203125 0.14609375 0.0078125 0.02109375
2 0.5859375 0.68671875 0.2 0.61015625
0 0.375 0.88203125 0.16875 0.22734375
0 0.14921875 0.93671875 0.2046875 0.11484375
1 0.27578125 0.75078125 0.1421875 0.23984375
0 0.434375 0.59453125 0.125 0.22734375
1 0.31484375 0.578125 0.0859375 0.12265625
1 0.66953125 0.3625 0.0390625 0.04140625
2 0.59609375 0.31796875 0.1015625 0.11875
0 0.471875 0.41953125 0.0625 0.11484375
3 0.5234375 0.36796875 0.028125 0.11015625
0 0.50078125 0.29453125 0.0421875 0.03125
3 0.50703125 0.25 0.0359375 0.05390625
2 0.56796875 0.22578125 0.0546875 0.06875
2 0.55703125 0.17578125 0.0359375 0.03125
2 0.55390625 0.146875 0.0390625 0.02265625
2 0.515625 0.17109375 0.03125 0.06640625
2 0.38046875 0.378125 0.1078125 0.21015625
0 0.453125 0.309375 0.015625 0.07265625
0 0.46171875 0.259375 0.0359375 0.02265625
2 0.46328125 0.20234375 0.0515625 0.08359375
0 0.4921875 0.15390625 0.015625 0.0125
0 0.32578125 0.29375 0.0546875 0.04609375
0 0.07109375 0.66015625 0.1421875 0.24140625
0 0.18203125 0.45703125 0.1203125 0.12265625
