1 0.07890625 0.8609375 0.0953125 0.2140625
1 0.1890625 0.98125 0.10625 0.0375
1 0.28359375 0.90859375 0.1140625 0.1828125
1 0.209375 0.80390625 0.0796875 0.0953125
1 0.28046875 0.75625 0.0953125 0.14375
1 0.20078125 0.7203125 0.05625 0.0890625
1 0.24921875 0.57265625 0.040625 0.078125
1 0.28984375 0.5453125 0.0640625 0.1515625
1 0.06640625 0.6796875 0.0953125 0.090625
1 0.03046875 0.5046875 0.0609375 0.109375
1 0.171875 0.4828125 0.0484375 0.0703125
1 0.2328125 0.39765625 0.04375 0.071875
1 0.3140625 0.2765625 0.025 0.0359375
1 0.325 0.2453125 0.01875 0.0203125
1 0.34765625 0.19140625 0.01875 0.0359375
1 0.3296875 0.228125 0.0171875 0.0171875
1 0.36171875 0.1890625 0.0140625 0.0234375
1 0.37578125 0.15859375 0.0109375 0.0234375
2 0.43671875 0.690625 0.2734375 0.61875
0 0.6703125 0.8640625 0.1953125 0.246875
0 0.89609375 0.88984375 0.2078125 0.1390625
1 0.753125 0.721875 0.1703125 0.25625
0 0.5765625 0.5859375 0.1515625 0.2421875
1 0.69296875 0.5546875 0.1 0.13125
1 0.31484375 0.384375 0.04375 0.0453125
2 0.3828125 0.33125 0.115625 0.1296875
0 0.51796875 0.41640625 0.0765625 0.121875
3 0.4609375 0.371875 0.040625 0.1125
0 0.47421875 0.29609375 0.0453125 0.0359375
3 0.4625 0.25234375 0.0421875 0.0578125
2 0.39921875 0.2359375 0.0625 0.075
2 0.40390625 0.18515625 0.0390625 0.0359375
2 0.403125 0.15625 0.0421875 0.0265625
2 0.44453125 0.17578125 0.0390625 0.06875
2 0.60390625 0.36484375 0.1328125 0.2203125
0 0.5234375 0.30546875 0.025 0.0734375
0 0.50859375 0.25625 0.0390625 0.0265625
2 0.5 0.2 0.0609375 0.090625
0 0.465625 0.15546875 0.0171875 0.0140625
0 0.64765625 0.27421875 0.059375 0.053125
0 0.9296875 0.60625 0.140625 0.25625
0 0.81015625 0.41875 0.134375 0.1359375
