0 0.61171875 0.66953125 0.128125 0.2296875
1 0.61796875 0.5265625 0.0546875 0.06875
1 0.56171875 0.47421875 0.034375 0.0625
1 0.5359375 0.4546875 0.0234375 0.0546875
1 0.53046875 0.40390625 0.021875 0.0234375
3 0.340625 0.8796875 0.2 0.240625
2 0.096875 0.925 0.1125 0.15
2 0.45625 0.66171875 0.175 0.396875
2 0.48828125 0.49453125 0.1 0.2171875
2 0.478125 0.3484375 0.0453125 0.065625
2 0.45859375 0.30546875 0.0375 0.0359375
2 0.4265625 0.40390625 0.071875 0.109375
2 0.42265625 0.3390625 0.0421875 0.0390625
2 0.403125 0.29453125 0.040625 0.0515625
2 0.37109375 0.28203125 0.03125 0.034375
2 0.340625 0.346875 0.0546875 0.0375
2 0.36796875 0.41953125 0.0671875 0.059375
2 0.31484375 0.5609375 0.1359375 0.2265625
2 0.29296875 0.4140625 0.109375 0.1
2 0.17578125 0.7703125 0.2734375 0.4390625
