0 0.58984375 0.68203125 0.1015625 0.21953125
1 0.6140625 0.540625 0.046875 0.0640625
1 0.5640625 0.48203125 0.028125 0.05859375
1 0.54140625 0.459375 0.0171875 0.053125
1 0.5421875 0.40859375 0.01875 0.021875
3 0.29453125 0.871875 0.1703125 0.25
2 0.04453125 0.9 0.0890625 0.19453125
2 0.43671875 0.65546875 0.1296875 0.38359375
2 0.4890625 0.49296875 0.075 0.20859375
2 0.496875 0.346875 0.0375 0.0609375
2 0.4828125 0.3015625 0.034375 0.03046875
2 0.4390625 0.39609375 0.059375 0.103125
2 0.44296875 0.33046875 0.0390625 0.03359375
2 0.42890625 0.284375 0.0359375 0.046875
2 0.3984375 0.26796875 0.028125 0.03046875
2 0.36015625 0.32890625 0.0515625 0.03046875
2 0.37890625 0.40390625 0.0609375 0.053125
2 0.30859375 0.5375 0.1109375 0.2140625
2 0.3046875 0.3890625 0.1 0.0890625
2 0.1453125 0.72890625 0.225 0.4140625
