1 0.0453125 0.496875 0.090625 0.15
1 0.39921875 0.73125 0.1125 0.228125
1 0.821875 0.8234375 0.134375 0.2296875
1 0.45390625 0.5328125 0.0796875 0.121875
1 0.76796875 0.46328125 0.0640625 0.0890625
1 0.57890625 0.396875 0.0390625 0.0375
1 0.8671875 0.68671875 0.05625 0.0828125
1 0.82421875 0.61640625 0.0484375 0.078125
1 0.63671875 0.47890625 0.034375 0.059375
1 0.609375 0.37578125 0.03125 0.04375
1 0.7375 0.4109375 0.03125 0.0453125
1 0.45625 0.26484375 0.0171875 0.0296875
2 0.5578125 0.21640625 0.0265625 0.034375
2 0.5796875 0.2296875 0.028125 0.040625
2 0.59921875 0.25625 0.0328125 0.05625
2 0.64453125 0.2625 0.03125 0.0515625
1 0.65703125 0.28671875 0.0125 0.0296875
2 0.6765625 0.30390625 0.0453125 0.0640625
2 0.415625 0.2171875 0.0359375 0.0390625
2 0.37109375 0.22421875 0.04375 0.0375
2 0.378125 0.2640625 0.075 0.0578125
2 0.30625 0.35078125 0.140625 0.178125
2 0.68828125 0.81953125 0.2921875 0.3609375
2 0.55390625 0.6046875 0.19375 0.396875
0 0.3015625 0.7078125 0.175 0.2703125
0 0.70234375 0.35625 0.0421875 0.0609375
0 0.24296875 0.3046875 0.0609375 0.08125
0 0.48046875 0.2765625 0.0296875 0.040625
3 0.44140625 0.309375 0.0453125 0.0546875
0 0.55859375 0.32109375 0.040625 0.053125
0 0.33046875 0.2625 0.0296875 0.040625
1 0.8046875 0.54609375 0.0421875 0.0609375
0 0.44921875 0.4453125 0.0703125 0.0671875
0 0.48828125 0.38671875 0.0546875 0.0703125
0 0.5234375 0.41640625 0.0484375 0.0890625
0 0.51171875 0.3375 0.0421875 0.053125
0 0.52265625 0.2984375 0.0296875 0.0265625
0 0.54921875 0.23671875 0.01875 0.025
0 0.559375 0.2578125 0.0171875 0.0203125
0 0.55703125 0.28203125 0.021875 0.025
