1 0.04296875 0.58671875 0.0859375 0.1359375
1 0.4453125 0.74609375 0.071875 0.21796875
1 0.87734375 0.75625 0.0953125 0.215625
1 0.4609375 0.54140625 0.059375 0.11328125
1 0.75625 0.4125 0.05 0.08203125
1 0.5578125 0.38359375 0.034375 0.03125
1 0.89609375 0.61328125 0.0421875 0.0765625
1 0.840625 0.55234375 0.034375 0.0734375
1 0.63046875 0.453125 0.0234375 0.05703125
1 0.58359375 0.35703125 0.0234375 0.03984375
1 0.71640625 0.3671875 0.0234375 0.0421875
1 0.4125 0.27734375 0.0125 0.028125
2 0.50234375 0.2109375 0.0203125 0.03125
2 0.5265625 0.21953125 0.021875 0.03671875
2 0.55078125 0.2421875 0.0234375 0.05390625
2 0.596875 0.2390625 0.021875 0.0484375
1 0.61328125 0.2609375 0.0078125 0.028125
2 0.6359375 0.2734375 0.034375 0.059375
2 0.36328125 0.23828125 0.0296875 0.034375
2 0.32109375 0.25390625 0.0390625 0.03125
2 0.33515625 0.29140625 0.0671875 0.0453125
2 0.28125 0.390625 0.1125 0.15859375
2 0.7515625 0.803125 0.225 0.3765625
2 0.57265625 0.5921875 0.1234375 0.3796875
0 0.34453125 0.7421875 0.1296875 0.24921875
0 0.67109375 0.3203125 0.0328125 0.05703125
0 0.21015625 0.35703125 0.0484375 0.0734375
0 0.43828125 0.284375 0.0234375 0.03671875
3 0.40625 0.32421875 0.0375 0.0484375
0 0.5234375 0.31328125 0.03125 0.0484375
0 0.28828125 0.29921875 0.0234375 0.03671875
1 0.8078125 0.4875 0.03125 0.05703125
0 0.43984375 0.45625 0.0609375 0.05703125
0 0.4671875 0.390625 0.04375 0.0625
0 0.50703125 0.41328125 0.0328125 0.08515625
0 0.48046875 0.33828125 0.0328125 0.0484375
0 0.48359375 0.29765625 0.0265625 0.02265625
0 0.4984375 0.23203125 0.015625 0.02265625
0 0.51171875 0.25078125 0.0140625 0.01953125
0 0.5140625 0.275 0.01875 0.02265625
