1 0.28671875 0.91328125 0.5265625 0.1734375
1 0.540625 0.8859375 0.375 0.228125
1 0.73515625 0.9203125 0.0671875 0.1390625
1 0.71171875 0.81953125 0.1546875 0.109375
1 0.690625 0.73828125 0.2 0.1234375
2 0.81875 0.6734375 0.1625 0.309375
1 0.54140625 0.62578125 0.403125 0.2828125
1 0.33203125 0.36953125 0.6640625 0.4671875
1 0.43515625 0.09453125 0.4890625 0.1890625
1 0.63359375 0.109375 0.184375 0.184375
1 0.70625 0.03515625 0.109375 0.0703125
1 0.725 0.090625 0.0515625 0.1015625
1 0.69453125 0.26328125 0.1515625 0.0953125
1 0.7046875 0.18203125 0.134375 0.0765625
1 0.65078125 0.4578125 0.2078125 0.1671875
1 0.7453125 0.50625 0.05625 0.11875
1 0.7546875 0.584375 0.059375 0.0640625
1 0.77734375 0.471875 0.0625 0.0265625
1 0.78203125 0.38125 0.05 0.0578125
1 0.77421875 0.31015625 0.053125 0.059375
3 0.76875 0.23359375 0.0578125 0.0890625
3 0.77578125 0.1 0.0625 0.0671875
0 0.7078125 0.34453125 0.1078125 0.090625
