1 0.45 0.70859375 0.7625 0.578125
1 0.09765625 0.57109375 0.1953125 0.646875
1 0.246875 0.371875 0.271875 0.3390625
1 0.33359375 0.2984375 0.1796875 0.24140625
1 0.046875 0.23203125 0.09375 0.06953125
1 0.15859375 0.21796875 0.1953125 0.09140625
1 0.296875 0.171875 0.125 0.0609375
1 0.42265625 0.17109375 0.0796875 0.1359375
1 0.56015625 0.28203125 0.1328125 0.28046875
1 0.91171875 0.4734375 0.1703125 0.553125
1 0.68203125 0.37109375 0.2484375 0.2859375
1 0.7671875 0.30703125 0.15 0.29140625
1 0.67890625 0.1734375 0.0953125 0.10859375
1 0.8359375 0.16953125 0.096875 0.078125
1 0.93203125 0.19296875 0.1328125 0.06953125
1 0.97890625 0.1390625 0.0359375 0.06640625
1 0.9203125 0.134375 0.065625 0.08046875
2 0.88046875 0.115625 0.0234375 0.046875
3 0.8015625 0.109375 0.09375 0.075
3 0.5453125 0.16953125 0.16875 0.171875
1 0.02421875 0.178125 0.0484375 0.078125
1 0.103125 0.134375 0.040625 0.103125
1 0.29609375 0.1265625 0.0609375 0.053125
3 0.209375 0.1484375 0.09375 0.09140625
1 0.7453125 0.140625 0.05625 0.053125
0 0.96015625 0.1484375 0.0234375 0.053125
3 0.7109375 0.12109375 0.0875 0.04140625
