3 0.1140625 0.45390625 0.228125 0.3109375
1 0.53203125 0.64296875 0.4125 0.609375
1 0.3125 0.48828125 0.2109375 0.3296875
1 0.33828125 0.34765625 0.1265625 0.1234375
1 0.43203125 0.32421875 0.115625 0.11875
0 0.559375 0.45234375 0.259375 0.29375
2 0.540625 0.23203125 0.2875 0.265625
2 0.7984375 0.484375 0.403125 0.96875
2 0.15546875 0.29765625 0.2796875 0.365625
2 0.02578125 0.2859375 0.0515625 0.115625
2 0.00625 0.31328125 0.0125 0.0828125
3 0.3609375 0.25859375 0.15 0.1234375
3 0.621875 0.31328125 0.18125 0.3203125
