2 0.90234375 0.725 0.1890625 0.5
2 0.56015625 0.559375 0.3390625 0.4359375
2 0.2125 0.27109375 0.21875 0.28046875
2 0.07734375 0.1640625 0.0734375 0.15
2 0.046875 0.08203125 0.09375 0.09140625
2 0.23515625 0.04609375 0.0453125 0.03046875
1 0.74921875 0.86953125 0.1984375 0.25546875
0 0.434375 0.78203125 0.225 0.2640625
0 0.21015625 0.50703125 0.1328125 0.175
1 0.25234375 0.4375 0.0765625 0.153125
3 0.1015625 0.365625 0.10625 0.15859375
0 0.03359375 0.2875 0.0640625 0.09140625
3 0.04140625 0.2125 0.0765625 0.09140625
1 0.16328125 0.34609375 0.0421875 0.11953125
1 0.26015625 0.4359375 0.0828125 0.14453125
1 0.353125 0.290625 0.046875 0.10859375
1 0.70859375 0.51796875 0.0890625 0.18046875
0 0.44609375 0.3234375 0.1015625 0.103125
0 0.3875 0.3984375 0.03125 0.10859375
1 0.37109375 0.34453125 0.0234375 0.06640625
0 0.165625 0.11796875 0.046875 0.0359375
0 0.14921875 0.1015625 0.0515625 0.053125
0 0.2203125 0.096875 0.059375 0.04453125
