0 0.31796875 0.184375 0.3359375 0.265625
0 0.5515625 0.421875 0.2140625 0.15625
0 0.1 0.30625 0.19375 0.2375
0 0.04453125 0.52578125 0.084375 0.1671875
0 0.30859375 0.959375 0.365625 0.078125
0 0.590625 0.9671875 0.209375 0.0625
0 0.7515625 0.9609375 0.153125 0.075
0 0.86796875 0.9578125 0.109375 0.071875
3 0.946875 0.95078125 0.10625 0.0578125
0 0.784375 0.55859375 0.1359375 0.0703125
0 0.8515625 0.77890625 0.11875 0.0671875
0 0.93359375 0.790625 0.078125 0.053125
0 0.9875 0.8046875 0.025 0.034375
0 0.90390625 0.609375 0.0859375 0.065625
0 0.784375 0.55390625 0.13125 0.0671875
3 0.8625 0.51484375 0.125 0.0828125
2 0.809375 0.6421875 0.153125 0.090625
1 0.32890625 0.62890625 0.303125 0.1359375
1 0.56796875 0.54140625 0.2140625 0.0828125
1 0.934375 0.73046875 0.090625 0.0390625
1 0.965625 0.68828125 0.06875 0.0359375
1 0.9140625 0.6671875 0.071875 0.0375
2 0.509375 0.1453125 0.503125 0.290625
2 0.653125 0.67734375 0.34375 0.1546875
0 0.75703125 0.75390625 0.146875 0.0515625
1 0.7515625 0.4921875 0.059375 0.046875
1 0.55859375 0.77265625 0.09375 0.0296875
1 0.7265625 0.8078125 0.075 0.028125
2 0.94453125 0.56953125 0.1109375 0.1140625
2 0.98359375 0.63515625 0.0328125 0.0296875
0 0.96796875 0.74609375 0.0640625 0.0359375
