3 0.2859375 0.59609375 0.56875 0.803125
3 0.45234375 0.3265625 0.2765625 0.346875
0 0.790625 0.39296875 0.25 0.34140625
0 0.675 0.2765625 0.125 0.175
0 0.77734375 0.19609375 0.0890625 0.103125
0 0.853125 0.21796875 0.115625 0.1359375
1 0.96015625 0.1875 0.0703125 0.125
0 0.69296875 0.18046875 0.0703125 0.09453125
1 0.6125 0.1984375 0.09375 0.15859375
2 0.7015625 0.12890625 0.171875 0.1359375
1 0.0734375 0.16953125 0.14375 0.0609375
1 0.25546875 0.17109375 0.1265625 0.046875
1 0.37421875 0.15390625 0.1203125 0.046875
