2 0.93125 0.70390625 0.13125 0.58046875
0 0.62265625 0.7109375 0.3359375 0.31640625
1 0.03671875 0.6765625 0.0734375 0.303125
1 0.07265625 0.61796875 0.1328125 0.2140625
1 0.2 0.64296875 0.1625 0.28046875
1 0.3109375 0.65703125 0.209375 0.2859375
1 0.3984375 0.58359375 0.103125 0.19453125
1 0.51953125 0.59609375 0.1484375 0.1859375
1 0.60546875 0.59453125 0.1453125 0.1390625
1 0.246875 0.5 0.078125 0.08359375
3 0.3890625 0.503125 0.146875 0.121875
3 0.54765625 0.478125 0.0984375 0.09453125
2 0.75546875 0.4640625 0.1796875 0.11640625
1 0.88671875 0.503125 0.0640625 0.1109375
1 0.81796875 0.61640625 0.0828125 0.2109375
1 0.84375 0.534375 0.059375 0.096875
1 0.71953125 0.5375 0.0765625 0.0859375
1 0.7453125 0.540625 0.075 0.1140625
1 0.73828125 0.4875 0.0765625 0.046875
1 0.63984375 0.50546875 0.0953125 0.06640625
1 0.10859375 0.5125 0.1234375 0.0640625
1 0.47109375 0.534375 0.0796875 0.1140625
3 0.525 0.43203125 0.046875 0.0359375
3 0.60390625 0.44609375 0.0578125 0.0359375
1 0.64921875 0.446875 0.0359375 0.0390625
