1 0.4453125 0.115625 0.30625 0.23125
2 0.2796875 0.05625 0.15625 0.1125
2 0.22890625 0.134375 0.0671875 0.05625
0 0.296875 0.16484375 0.0625 0.0328125
2 0.20859375 0.4515625 0.296875 0.465625
1 0.4015625 0.33046875 0.3140625 0.284375
1 0.425 0.3578125 0.3359375 0.3203125
1 0.321875 0.50703125 0.2296875 0.196875
1 0.29609375 0.6109375 0.225 0.1625
1 0.3875 0.790625 0.41875 0.375
1 0.3328125 0.6859375 0.3046875 0.2640625
1 0.2015625 0.7515625 0.1234375 0.1703125
1 0.2375 0.915625 0.234375 0.1171875
1 0.7828125 0.4015625 0.434375 0.515625
3 0.325 0.05390625 0.121875 0.1078125
