0 0.33515625 0.7265625 0.6703125 0.5359375
3 0.51328125 0.45 0.3484375 0.30546875
0 0.18359375 0.4515625 0.3046875 0.175
0 0.09921875 0.59609375 0.1984375 0.26953125
0 0.85859375 0.35546875 0.0859375 0.1109375
0 0.06171875 0.353125 0.0890625 0.09453125
2 0.05078125 0.29140625 0.0953125 0.10546875
2 0.409375 0.284375 0.209375 0.10859375
1 0.78515625 0.4765625 0.1578125 0.2640625
1 0.75078125 0.40390625 0.1203125 0.175
1 0.94296875 0.365625 0.1078125 0.1640625
1 0.75078125 0.30546875 0.0703125 0.0390625
1 0.6671875 0.32890625 0.05625 0.096875
1 0.8625 0.2875 0.053125 0.046875
1 0.2234375 0.353125 0.121875 0.11640625
1 0.33359375 0.353125 0.1046875 0.121875
1 0.4046875 0.340625 0.053125 0.103125
1 0.60078125 0.2875 0.0703125 0.03046875
