3 0.1140625 0.4 0.2125 0.28359375
1 0.51171875 0.64609375 0.3359375 0.56953125
1 0.315625 0.4625 0.16875 0.30859375
1 0.3609375 0.3265625 0.1125 0.10859375
1 0.45703125 0.31640625 0.1015625 0.10546875
0 0.565625 0.4609375 0.225 0.26640625
2 0.57734375 0.240625 0.2578125 0.23046875
2 0.8328125 0.4984375 0.328125 0.996875
2 0.18671875 0.2515625 0.2359375 0.3359375
2 0.05546875 0.221875 0.0453125 0.1109375
2 0.0203125 0.24453125 0.0375 0.078125
3 0.39609375 0.24140625 0.1359375 0.10546875
3 0.646875 0.33203125 0.140625 0.303125
