2 0.01171875 0.728125 0.0234375 0.1609375
2 0.415625 0.25546875 0.2125 0.25546875
2 0.4375 0.45703125 0.2625 0.4140625
2 0.76875 0.3265625 0.1375 0.296875
2 0.73828125 0.028125 0.0859375 0.05546875
0 0.61640625 0.8484375 0.2171875 0.296875
0 0.65546875 0.315625 0.0953125 0.15859375
0 0.57109375 0.24296875 0.0796875 0.1140625
0 0.60234375 0.15546875 0.0703125 0.09453125
0 0.6796875 0.1625 0.06875 0.096875
0 0.7171875 0.1 0.05 0.071875
0 0.8703125 0.0515625 0.0375 0.06953125
0 0.82578125 0.178125 0.0578125 0.10546875
0 0.9828125 0.7859375 0.03125 0.39453125
0 0.9875 0.315625 0.021875 0.146875
0 0.98828125 0.209375 0.0203125 0.09140625
3 0.9859375 0.125 0.025 0.121875
0 0.984375 0.059375 0.028125 0.05859375
0 0.984375 0.028125 0.028125 0.05546875
3 0.68359375 0.06796875 0.0515625 0.075
2 0.77734375 0.103125 0.0671875 0.10546875
0 0.75546875 0.04296875 0.0390625 0.0359375
1 0.73359375 0.1984375 0.0515625 0.1140625
1 0.6859375 0.4890625 0.078125 0.20546875
1 0.48515625 0.74140625 0.1171875 0.2890625
1 0.26796875 0.934375 0.0796875 0.125
1 0.09296875 0.5484375 0.1015625 0.0859375
1 0.19453125 0.4640625 0.0859375 0.0890625
1 0.2734375 0.5890625 0.06875 0.16640625
1 0.871875 0.140625 0.021875 0.046875
1 0.81953125 0.0390625 0.0296875 0.0609375
1 0.80625 0.0234375 0.01875 0.046875
1 0.8421875 0.025 0.015625 0.05
1 0.68125 0.1015625 0.021875 0.03046875
