2 0.890625 0.8625 0.21875 0.215625
2 0.87265625 0.76328125 0.1359375 0.059375
2 0.89140625 0.58203125 0.1953125 0.19375
2 0.85625 0.46171875 0.084375 0.075
2 0.8671875 0.32421875 0.0890625 0.109375
2 0.8828125 0.20859375 0.084375 0.0765625
2 0.765625 0.025 0.2375 0.05
1 0.178125 0.56171875 0.3515625 0.2984375
1 0.38359375 0.31015625 0.3078125 0.153125
1 0.4 0.1453125 0.140625 0.065625
0 0.51875 0.9578125 0.246875 0.084375
0 0.39140625 0.6359375 0.36875 0.3421875
0 0.49296875 0.79296875 0.3125 0.303125
0 0.63046875 0.73203125 0.1875 0.2390625
0 0.68515625 0.740625 0.1671875 0.2125
0 0.59921875 0.55234375 0.1828125 0.203125
0 0.51015625 0.2359375 0.228125 0.1671875
0 0.5890625 0.3765625 0.240625 0.1859375
0 0.7765625 0.92734375 0.0703125 0.0953125
0 0.78984375 0.83125 0.096875 0.1140625
0 0.75703125 0.7375 0.1078125 0.1546875
0 0.79140625 0.60546875 0.103125 0.1296875
0 0.79375 0.67734375 0.0828125 0.08125
0 0.82578125 0.71640625 0.0484375 0.0734375
0 0.62890625 0.73515625 0.159375 0.2390625
0 0.6828125 0.4984375 0.146875 0.165625
0 0.740625 0.50078125 0.0921875 0.140625
1 0.72265625 0.39765625 0.115625 0.08125
1 0.65078125 0.10390625 0.1265625 0.0625
1 0.69375 0.12109375 0.128125 0.05625
1 0.73984375 0.1796875 0.08125 0.0484375
0 0.67421875 0.178125 0.1171875 0.0859375
0 0.64921875 0.2609375 0.14375 0.0953125
0 0.7125 0.28828125 0.0703125 0.1046875
0 0.73125 0.32421875 0.0828125 0.0875
0 0.77421875 0.37109375 0.0921875 0.084375
0 0.7515625 0.26328125 0.078125 0.0734375
0 0.78828125 0.3046875 0.0453125 0.0515625
1 0.7515625 0.20859375 0.0578125 0.0234375
3 0.76328125 0.13125 0.09375 0.0625
0 0.7265625 0.0546875 0.08125 0.040625
0 0.78203125 0.06171875 0.0453125 0.0453125
0 0.73359375 0.0921875 0.065625 0.046875
3 0.83046875 0.5625 0.06875 0.0875
3 0.7953125 0.23515625 0.0875 0.0671875
0 0.778125 0.190625 0.0640625 0.0453125
0 0.81171875 0.028125 0.0375 0.0265625
0 0.8203125 0.04921875 0.0328125 0.0171875
3 0.81796875 0.32890625 0.0640625 0.0546875
0 0.79765625 0.49921875 0.0609375 0.0875
0 0.8046875 0.42109375 0.04375 0.05625
0 0.81953125 0.46328125 0.0265625 0.0453125
2 0.865625 0.13984375 0.040625 0.046875
