1 0.3546875 0.49921875 0.709375 0.4171875
1 0.46171875 0.7984375 0.521875 0.275
1 0.55234375 0.15234375 0.5015625 0.3046875
1 0.67265625 0.228125 0.3171875 0.196875
1 0.79296875 0.11875 0.0984375 0.1796875
1 0.86328125 0.06171875 0.0640625 0.06875
1 0.871875 0.10859375 0.053125 0.05
1 0.85390625 0.15234375 0.0859375 0.1078125
1 0.83828125 0.25546875 0.0671875 0.1015625
1 0.71484375 0.359375 0.2609375 0.1234375
1 0.84921875 0.37734375 0.071875 0.090625
1 0.71875 0.46953125 0.2421875 0.15625
1 0.7609375 0.5890625 0.159375 0.09375
1 0.8140625 0.65390625 0.059375 0.078125
1 0.70859375 0.66171875 0.175 0.175
1 0.7671875 0.74375 0.1 0.1125
1 0.775 0.81484375 0.0828125 0.0953125
1 0.81171875 0.8265625 0.0671875 0.0734375
1 0.78984375 0.90078125 0.0578125 0.065625
1 0.67109375 0.91640625 0.2390625 0.1140625
1 0.72265625 0.84140625 0.1171875 0.1765625
3 0.8421875 0.6453125 0.0828125 0.1078125
0 0.753125 0.9921875 0.078125 0.015625
2 0.825 0.76796875 0.065625 0.05625
