0 0.090625 0.77109375 0.18125 0.453125
3 0.47890625 0.7359375 0.5609375 0.521875
2 0.4546875 0.40546875 0.196875 0.16640625
1 0.26484375 0.515625 0.1078125 0.153125
3 0.41875 0.4640625 0.121875 0.0890625
1 0.06171875 0.5265625 0.1234375 0.11953125
1 0.10546875 0.484375 0.1171875 0.046875
0 0.17890625 0.46796875 0.0984375 0.0640625
0 0.7609375 0.534375 0.078125 0.1640625
0 0.9359375 0.675 0.125 0.35546875
0 0.87109375 0.5515625 0.0828125 0.1359375
0 0.69921875 0.46796875 0.0546875 0.0640625
0 0.82109375 0.4984375 0.0515625 0.096875
3 0.8875 0.453125 0.053125 0.06640625
1 0.87109375 0.47890625 0.0390625 0.053125
