1 0.0890625 0.225 0.140625 0.06640625
1 0.12734375 0.290625 0.2546875 0.096875
1 0.32578125 0.23359375 0.1140625 0.09453125
1 0.828125 0.5234375 0.3375 0.475
1 0.70625 0.421875 0.20625 0.378125
1 0.23515625 0.60390625 0.4703125 0.646875
1 0.5015625 0.296875 0.15 0.2
1 0.625 0.290625 0.109375 0.196875
1 0.44609375 0.22890625 0.0703125 0.09140625
0 0.91875 0.3515625 0.159375 0.20859375
1 0.7578125 0.2375 0.103125 0.0640625
1 0.8890625 0.2625 0.1125 0.0859375
1 0.95390625 0.25 0.0859375 0.0890625
2 0.7328125 0.18046875 0.10625 0.08359375
2 0.94609375 0.1734375 0.1015625 0.096875
1 0.81953125 0.253125 0.0296875 0.0890625
0 0.26015625 0.2375 0.0421875 0.075
0 0.3890625 0.3625 0.25 0.23046875
