2 0.865625 0.72890625 0.265625 0.53046875
2 0.7515625 0.4984375 0.171875 0.3859375
2 0.66484375 0.26640625 0.1046875 0.15
3 0.61875 0.8265625 0.178125 0.3359375
3 0.24921875 0.7875 0.1953125 0.4140625
0 0.40390625 0.9140625 0.1609375 0.16640625
0 0.32578125 0.559375 0.1140625 0.21953125
3 0.36796875 0.36953125 0.0796875 0.178125
0 0.44609375 0.415625 0.0765625 0.18046875
0 0.4578125 0.3 0.05625 0.121875
0 0.39296875 0.2875 0.0484375 0.08046875
0 0.3984375 0.23359375 0.046875 0.078125
0 0.4609375 0.225 0.05 0.08359375
0 0.4203125 0.19453125 0.03125 0.06640625
0 0.4640625 0.17890625 0.034375 0.05859375
1 0.51328125 0.275 0.0296875 0.10546875
2 0.60078125 0.44453125 0.1703125 0.50546875
0 0.434375 0.14296875 0.028125 0.046875
1 0.409375 0.1390625 0.0125 0.028125
0 0.47109375 0.134375 0.0296875 0.046875
1 0.50703125 0.2125 0.0265625 0.08046875
1 0.5 0.1390625 0.021875 0.05546875
2 0.59609375 0.159375 0.0765625 0.103125
2 0.58046875 0.10390625 0.0578125 0.09140625
2 0.53515625 0.121875 0.0453125 0.11640625
2 0.54453125 0.05 0.0390625 0.05
2 0.51484375 0.0265625 0.0296875 0.053125
2 0.47109375 0.025 0.0296875 0.05
2 0.48359375 0.065625 0.0234375 0.05859375
0 0.4421875 0.05703125 0.015625 0.025
0 0.4375 0.1015625 0.028125 0.03046875
0 0.0734375 0.659375 0.14375 0.253125
0 0.17578125 0.4390625 0.1171875 0.1390625
0 0.0671875 0.478125 0.134375 0.1390625
0 0.040625 0.42890625 0.078125 0.103125
0 0.15546875 0.371875 0.1046875 0.1109375
0 0.08671875 0.3375 0.0921875 0.096875
0 0.03515625 0.334375 0.0703125 0.0859375
0 0.03515625 0.278125 0.0671875 0.0390625
1 0.02890625 0.234375 0.0515625 0.053125
1 0.1375 0.27109375 0.05 0.075
1 0.1921875 0.2640625 0.05 0.08359375
1 0.09375 0.26796875 0.053125 0.06953125
1 0.08828125 0.2125 0.0390625 0.0359375
1 0.08671875 0.18203125 0.0484375 0.025
1 0.13671875 0.1765625 0.0390625 0.05859375
0 0.16171875 0.2 0.0484375 0.05546875
0 0.24921875 0.328125 0.0859375 0.10546875
0 0.296875 0.2640625 0.05625 0.1
0 0.20390625 0.2875 0.0421875 0.08046875
0 0.2546875 0.240625 0.046875 0.09140625
3 0.31796875 0.20390625 0.0515625 0.096875
0 0.278125 0.18203125 0.04375 0.05859375
0 0.2546875 0.15546875 0.034375 0.04453125
0 0.3578125 0.1515625 0.03125 0.04140625
0 0.3296875 0.140625 0.025 0.0359375
3 0.29140625 0.13203125 0.0328125 0.04140625
2 0.26796875 0.0734375 0.0453125 0.053125
0 0.375 0.11796875 0.021875 0.046875
0 0.41328125 0.059375 0.0171875 0.025
0 0.3796875 0.08203125 0.01875 0.025
3 0.31953125 0.0625 0.0203125 0.025
