2 0.6421875 0.075 0.59375 0.15
0 0.6921875 0.34921875 0.359375 0.3765625
1 0.7390625 0.934375 0.3109375 0.115625
1 0.6765625 0.90703125 0.2296875 0.1609375
1 0.68359375 0.77734375 0.3015625 0.2
1 0.68203125 0.665625 0.3125 0.246875
1 0.596875 0.5890625 0.20625 0.1296875
1 0.5921875 0.4671875 0.2046875 0.1734375
1 0.57890625 0.38203125 0.1578125 0.1625
1 0.53515625 0.75078125 0.09375 0.0890625
3 0.51875 0.609375 0.140625 0.1625
3 0.471875 0.45546875 0.10625 0.1109375
2 0.42890625 0.25234375 0.1390625 0.19375
1 0.44921875 0.11640625 0.11875 0.078125
1 0.57109375 0.16875 0.2203125 0.1109375
1 0.4859375 0.1546875 0.1046875 0.071875
1 0.50625 0.27734375 0.0953125 0.0875
1 0.50625 0.2515625 0.1234375 0.090625
1 0.4546875 0.265625 0.0578125 0.0828125
1 0.4859375 0.3609375 0.078125 0.103125
1 0.5671875 0.8859375 0.08125 0.13125
1 0.53828125 0.52421875 0.1234375 0.0953125
3 0.42890625 0.484375 0.0421875 0.0515625
3 0.43203125 0.4046875 0.04375 0.0625
1 0.4265625 0.359375 0.04375 0.040625
