2 0.28984375 0.06484375 0.1671875 0.11875
2 0.79765625 0.21640625 0.4046875 0.3171875
2 0.86640625 0.53671875 0.2671875 0.9265625
2 0.56640625 0.0703125 0.2046875 0.140625
2 0.5421875 0.14453125 0.2 0.1515625
0 0.475 0.6546875 0.796875 0.690625
3 0.50625 0.18671875 0.2359375 0.125
3 0.38203125 0.12734375 0.1015625 0.0765625
1 0.14140625 0.28671875 0.2703125 0.353125
1 0.29140625 0.4125 0.4140625 0.48125
1 0.571875 0.3515625 0.209375 0.2265625
1 0.76484375 0.42265625 0.18125 0.2796875
1 0.84453125 0.3921875 0.153125 0.271875
1 0.66171875 0.32734375 0.13125 0.2078125
1 0.69921875 0.29140625 0.1546875 0.1625
1 0.48046875 0.2828125 0.1890625 0.228125
1 0.3421875 0.18515625 0.1546875 0.121875
1 0.30703125 0.12578125 0.0734375 0.071875
1 0.575 0.3109375 0.1796875 0.209375
1 0.09296875 0.09375 0.0546875 0.0609375
0 0.2703125 0.11171875 0.05 0.0546875
