0 0.184375 0.68203125 0.265625 0.3359375
0 0.421875 0.4484375 0.15625 0.2140625
0 0.30625 0.9 0.2375 0.19453125
0 0.52578125 0.95546875 0.1671875 0.08359375
0 0.959375 0.69140625 0.078125 0.36640625
0 0.9671875 0.409375 0.0625 0.20859375
0 0.9609375 0.2484375 0.075 0.153125
0 0.9578125 0.13203125 0.071875 0.10859375
3 0.95078125 0.053125 0.0578125 0.10546875
0 0.55859375 0.215625 0.0703125 0.1359375
0 0.77890625 0.1484375 0.0671875 0.11953125
0 0.790625 0.06640625 0.053125 0.078125
0 0.8046875 0.0125 0.034375 0.025
0 0.609375 0.09609375 0.065625 0.0859375
0 0.55390625 0.215625 0.0671875 0.13046875
3 0.51484375 0.1375 0.0828125 0.125
2 0.6421875 0.190625 0.090625 0.153125
1 0.62890625 0.67109375 0.1359375 0.303125
1 0.54140625 0.43203125 0.0828125 0.2140625
1 0.73046875 0.065625 0.0390625 0.09140625
1 0.68828125 0.034375 0.0359375 0.06875
1 0.6671875 0.0859375 0.0375 0.071875
2 0.1453125 0.490625 0.290625 0.503125
2 0.67734375 0.346875 0.1546875 0.34453125
0 0.75390625 0.24296875 0.0515625 0.146875
1 0.4921875 0.2484375 0.046875 0.05859375
1 0.77265625 0.44140625 0.0296875 0.09453125
1 0.8078125 0.2734375 0.028125 0.075
2 0.56953125 0.05546875 0.1140625 0.1109375
2 0.63515625 0.01640625 0.0296875 0.0328125
0 0.74609375 0.03203125 0.0359375 0.0640625
