2 0.88515625 0.1515625 0.1453125 0.2546875
2 0.13359375 0.22109375 0.2671875 0.2359375
2 0.309375 0.23515625 0.1171875 0.109375
2 0.4734375 0.1703125 0.1390625 0.1125
2 0.57890625 0.115625 0.09375 0.1046875
2 0.62265625 0.1234375 0.0671875 0.0578125
2 0.01953125 0.3 0.0390625 0.1375
2 0.3515625 0.81953125 0.61875 0.3609375
0 0.1296875 0.7875 0.196875 0.2421875
3 0.15625 0.58984375 0.3125 0.2921875
0 0.5015625 0.63984375 0.3015625 0.315625
1 0.75859375 0.5515625 0.1703125 0.3078125
1 0.85 0.40703125 0.0609375 0.115625
1 0.853125 0.3 0.0421875 0.065625
1 0.75 0.34765625 0.096875 0.1671875
1 0.77109375 0.27265625 0.071875 0.1171875
1 0.721875 0.25703125 0.0640625 0.10625
1 0.809375 0.24453125 0.0515625 0.0984375
1 0.44296875 0.44296875 0.13125 0.165625
1 0.4515625 0.375 0.1125 0.1515625
1 0.3546875 0.57265625 0.196875 0.2578125
0 0.03359375 0.565625 0.0671875 0.15
0 0.1796875 0.42890625 0.2234375 0.146875
0 0.3125 0.4375 0.19375 0.1671875
0 0.6078125 0.3984375 0.1390625 0.1984375
0 0.5390625 0.3109375 0.1171875 0.13125
0 0.49765625 0.27578125 0.1046875 0.1015625
0 0.6125 0.25 0.084375 0.0875
0 0.57734375 0.2296875 0.0796875 0.0765625
0 0.6875 0.215625 0.0703125 0.08125
0 0.64765625 0.21015625 0.0671875 0.096875
0 0.67578125 0.171875 0.04375 0.046875
0 0.0140625 0.409375 0.028125 0.06875
0 0.05078125 0.37734375 0.1015625 0.1078125
0 0.16484375 0.378125 0.175 0.115625
0 0.140625 0.32265625 0.090625 0.0625
0 0.209375 0.32421875 0.0703125 0.0796875
0 0.290625 0.3 0.128125 0.1
3 0.26875 0.25859375 0.084375 0.0625
1 0.63515625 0.2890625 0.075 0.1234375
1 0.7515625 0.2125 0.053125 0.0671875
0 0.81015625 0.2 0.06875 0.090625
0 0.7421875 0.18984375 0.053125 0.06875
1 0.71796875 0.16875 0.0328125 0.05
0 0.8234375 0.159375 0.040625 0.06875
0 0.79609375 0.1484375 0.03125 0.0625
3 0.7296875 0.140625 0.0421875 0.053125
2 0.67265625 0.11640625 0.034375 0.028125
3 0.3921875 0.328125 0.1734375 0.1734375
0 0.61640625 0.2484375 0.0828125 0.078125
0 0.41484375 0.23984375 0.046875 0.0359375
0 0.459375 0.2328125 0.0609375 0.053125
3 0.540625 0.190625 0.0578125 0.059375
0 0.7578125 0.15 0.034375 0.0546875
0 0.82578125 0.11484375 0.0265625 0.0390625
