1 0.51328125 0.65 0.3578125 0.69453125
1 0.80078125 0.5125 0.2328125 0.503125
1 0.140625 0.478125 0.28125 0.478125
1 0.2140625 0.3515625 0.171875 0.303125
1 0.09453125 0.24140625 0.1734375 0.08359375
1 0.03203125 0.1765625 0.0640625 0.05859375
1 0.07734375 0.1640625 0.0453125 0.05
1 0.12265625 0.178125 0.1015625 0.078125
1 0.2265625 0.184375 0.096875 0.05859375
1 0.34140625 0.2984375 0.1015625 0.253125
1 0.34765625 0.1625 0.0859375 0.0640625
1 0.45078125 0.284375 0.1359375 0.23046875
1 0.565625 0.23203125 0.08125 0.153125
1 0.62578125 0.1734375 0.0734375 0.053125
1 0.64296875 0.278125 0.1609375 0.1609375
1 0.71953125 0.2125 0.1046875 0.09140625
1 0.78984375 0.1984375 0.0890625 0.075
1 0.7984375 0.1609375 0.06875 0.0609375
1 0.87421875 0.1765625 0.0609375 0.053125
1 0.9 0.29296875 0.09375 0.23046875
1 0.8203125 0.2484375 0.16875 0.103125
3 0.61484375 0.14609375 0.1015625 0.075
0 0.98046875 0.20390625 0.0328125 0.075
2 0.73828125 0.153125 0.0515625 0.0609375
