1 0.3484375 0.71484375 0.1390625 0.2515625
1 0.80703125 0.92109375 0.1 0.0875
0 0.69765625 0.690625 0.6046875 0.6125
0 0.334375 0.53046875 0.271875 0.284375
0 0.709375 0.4734375 0.4234375 0.275
0 0.82109375 0.41875 0.284375 0.2234375
3 0.42109375 0.4171875 0.2484375 0.2265625
1 0.20703125 0.45625 0.115625 0.1796875
1 0.153125 0.4421875 0.1125 0.1671875
1 0.1140625 0.40703125 0.0765625 0.121875
1 0.07890625 0.396875 0.05 0.1046875
1 0.28203125 0.38984375 0.0796875 0.1015625
0 0.2359375 0.37421875 0.0578125 0.0625
0 0.1734375 0.359375 0.05 0.0640625
2 0.11796875 0.33515625 0.103125 0.0734375
2 0.78046875 0.2515625 0.2390625 0.14375
1 0.9171875 0.30546875 0.1328125 0.140625
1 0.80234375 0.315625 0.125 0.1390625
1 0.69296875 0.325 0.1078125 0.115625
1 0.61875 0.33046875 0.09375 0.1125
1 0.5703125 0.32421875 0.059375 0.0953125
1 0.51796875 0.34453125 0.0796875 0.1109375
