0 0.73515625 0.26640625 0.5296875 0.5328125
0 0.43671875 0.46015625 0.2 0.19375
0 0.3890625 0.56328125 0.1421875 0.1125
1 0.46953125 0.05703125 0.125 0.084375
1 0.38984375 0.3359375 0.0625 0.0453125
2 0.30078125 0.69453125 0.3 0.2546875
2 0.278125 0.890625 0.1890625 0.15625
2 0.24765625 0.940625 0.14375 0.0625
1 0.2984375 0.81015625 0.0765625 0.0421875
1 0.478125 0.153125 0.109375 0.0640625
1 0.46015625 0.21953125 0.090625 0.0515625
3 0.36796875 0.4390625 0.125 0.125
0 0.36796875 0.3734375 0.1 0.046875
1 0.41875 0.28359375 0.0515625 0.0390625
