2 0.82265625 0.3734375 0.1953125 0.30859375
1 0.184375 0.746875 0.365625 0.5
2 0.9375 0.37109375 0.040625 0.11953125
2 0.9703125 0.353125 0.03125 0.08359375
2 0.9359375 0.2984375 0.0375 0.06953125
0 0.69921875 0.421875 0.0578125 0.1109375
1 0.70078125 0.35390625 0.0328125 0.053125
3 0.271875 0.44609375 0.1125 0.203125
0 0.07578125 0.4625 0.1515625 0.1359375
2 0.09140625 0.3265625 0.1828125 0.14140625
0 0.12109375 0.39609375 0.2359375 0.14140625
0 0.18984375 0.421875 0.1390625 0.1109375
2 0.4734375 0.4125 0.403125 0.55859375
