1 0.08046875 0.209375 0.0734375 0.18046875
1 0.1546875 0.2375 0.1125 0.203125
1 0.19609375 0.26640625 0.1765625 0.221875
1 0.2796875 0.19609375 0.109375 0.14140625
1 0.33984375 0.17890625 0.0390625 0.125
1 0.38828125 0.2015625 0.1109375 0.125
1 0.478125 0.190625 0.08125 0.14140625
1 0.56640625 0.19296875 0.1015625 0.10859375
1 0.65390625 0.19140625 0.0703125 0.1109375
1 0.35625 0.625 0.546875 0.74453125
1 0.5640625 0.4 0.21875 0.378125
1 0.77890625 0.565625 0.2515625 0.6640625
1 0.903125 0.384375 0.134375 0.3359375
1 0.95546875 0.27109375 0.0859375 0.153125
1 0.80859375 0.19296875 0.0421875 0.10859375
1 0.73359375 0.1640625 0.0671875 0.05546875
1 0.65546875 0.1890625 0.0796875 0.08359375
1 0.56640625 0.18046875 0.0984375 0.078125
1 0.38828125 0.20703125 0.1046875 0.11953125
2 0.44765625 0.109375 0.0828125 0.09140625
2 0.6203125 0.10859375 0.18125 0.09453125
2 0.83203125 0.13203125 0.2546875 0.146875
2 0.9765625 0.11640625 0.040625 0.1109375
2 0.98203125 0.134375 0.0296875 0.08046875
2 0.73671875 0.2984375 0.1703125 0.203125
0 0.74765625 0.20859375 0.1328125 0.06640625
