2 0.2109375 0.1125 0.153125 0.09140625
2 0.75234375 0.1625 0.3921875 0.246875
2 0.915625 0.49609375 0.165625 0.99140625
2 0.48359375 0.0625 0.1859375 0.1140625
2 0.4734375 0.14296875 0.18125 0.11953125
0 0.5109375 0.684375 0.690625 0.625
3 0.44609375 0.19140625 0.2234375 0.08359375
3 0.31328125 0.15703125 0.0921875 0.05859375
1 0.10703125 0.359375 0.2140625 0.31953125
1 0.27890625 0.45390625 0.3390625 0.425
1 0.5421875 0.340625 0.175 0.196875
1 0.7453125 0.3734375 0.134375 0.25859375
1 0.8171875 0.328125 0.10625 0.25546875
1 0.62578125 0.3 0.0953125 0.19453125
1 0.65546875 0.25703125 0.1296875 0.14140625
1 0.4390625 0.290625 0.153125 0.203125
1 0.28515625 0.22109375 0.1390625 0.096875
1 0.2390625 0.16953125 0.0625 0.0609375
1 0.5375 0.3 0.146875 0.18359375
1 0.02265625 0.17890625 0.0453125 0.053125
0 0.20078125 0.1625 0.0421875 0.046875
