2 0.75 0.82421875 0.5 0.3453125
2 0.5375 0.7484375 0.4078125 0.2296875
2 0.2953125 0.69921875 0.1640625 0.1265625
3 0.83046875 0.565625 0.3390625 0.228125
3 0.74453125 0.20703125 0.4390625 0.2578125
0 0.89375 0.340625 0.1890625 0.184375
0 0.53125 0.31875 0.234375 0.146875
3 0.35078125 0.38984375 0.1890625 0.10625
0 0.40859375 0.46015625 0.190625 0.1046875
0 0.29609375 0.48984375 0.1296875 0.075
0 0.2734375 0.42734375 0.0875 0.0609375
0 0.22109375 0.44140625 0.084375 0.0578125
0 0.22265625 0.5046875 0.090625 0.0625
0 0.1859375 0.46875 0.0703125 0.040625
0 0.17734375 0.51484375 0.0640625 0.04375
1 0.2796875 0.5484375 0.109375 0.0453125
2 0.4609375 0.60859375 0.5265625 0.246875
0 0.13671875 0.49140625 0.05 0.034375
1 0.1296875 0.4671875 0.0296875 0.0171875
0 0.134375 0.52890625 0.0515625 0.0359375
1 0.2171875 0.5515625 0.084375 0.0390625
1 0.14375 0.55625 0.059375 0.0296875
2 0.17890625 0.6484375 0.1140625 0.0921875
2 0.12109375 0.64140625 0.0984375 0.071875
2 0.13203125 0.59375 0.121875 0.0625
2 0.0625 0.6140625 0.05625 0.046875
2 0.034375 0.5890625 0.0578125 0.0375
2 0.0265625 0.5453125 0.053125 0.0375
2 0.06875 0.5515625 0.0625 0.0328125
0 0.053125 0.5125 0.0265625 0.01875
0 0.096875 0.50078125 0.0359375 0.0328125
0 0.590625 0.071875 0.271875 0.14375
0 0.3890625 0.1890625 0.15625 0.1375
0 0.41015625 0.0765625 0.1578125 0.153125
0 0.3578125 0.05703125 0.1140625 0.09375
0 0.31953125 0.1796875 0.1265625 0.1203125
0 0.275 0.1171875 0.109375 0.10625
0 0.2640625 0.06640625 0.0953125 0.0828125
0 0.2078125 0.07578125 0.0484375 0.071875
1 0.1640625 0.0765625 0.0609375 0.059375
1 0.2171875 0.178125 0.08125 0.0609375
1 0.21875 0.2328125 0.090625 0.0625
1 0.20703125 0.13515625 0.0765625 0.0625
1 0.1515625 0.13828125 0.0421875 0.04375
1 0.12109375 0.14140625 0.0328125 0.0515625
1 0.1234375 0.19140625 0.0640625 0.0484375
0 0.15078125 0.2125 0.0625 0.05625
0 0.290625 0.27890625 0.11875 0.1015625
0 0.23515625 0.3359375 0.1078125 0.071875
0 0.24375 0.240625 0.0875 0.0546875
0 0.20546875 0.2984375 0.096875 0.0609375
3 0.17890625 0.36640625 0.103125 0.065625
0 0.1515625 0.33046875 0.065625 0.053125
0 0.12109375 0.31171875 0.0484375 0.040625
0 0.13359375 0.4140625 0.0453125 0.0375
0 0.11875 0.38828125 0.0390625 0.0296875
3 0.10390625 0.3515625 0.0453125 0.0390625
2 0.0421875 0.3375 0.059375 0.053125
0 0.103125 0.4359375 0.05 0.0296875
0 0.0515625 0.48359375 0.028125 0.0203125
0 0.06796875 0.446875 0.028125 0.021875
3 0.03984375 0.38984375 0.028125 0.0234375
