1 0.6796875 0.69140625 0.10625 0.2390625
1 0.2546875 0.959375 0.090625 0.075
0 0.29921875 0.721875 0.5984375 0.53359375
0 0.66796875 0.50703125 0.2390625 0.253125
0 0.2890625 0.503125 0.396875 0.221875
0 0.17109375 0.4640625 0.2609375 0.1890625
3 0.56640625 0.40703125 0.2234375 0.196875
1 0.784375 0.415625 0.09375 0.16953125
1 0.83515625 0.39453125 0.0921875 0.15546875
1 0.86953125 0.35390625 0.0609375 0.1140625
1 0.90234375 0.3390625 0.0359375 0.1
1 0.70078125 0.3609375 0.0671875 0.09453125
0 0.74375 0.3390625 0.05 0.05546875
0 0.80390625 0.315625 0.0421875 0.05859375
2 0.85546875 0.28359375 0.0953125 0.0609375
2 0.1875 0.29296875 0.225 0.1140625
1 0.06015625 0.365625 0.1171875 0.125
1 0.175 0.359375 0.109375 0.125
1 0.284375 0.35390625 0.09375 0.103125
1 0.35859375 0.3484375 0.0796875 0.103125
1 0.40625 0.3359375 0.046875 0.0890625
1 0.4609375 0.3484375 0.065625 0.103125
