3 0.45859375 0.32109375 0.9171875 0.6421875
3 0.6796875 0.49609375 0.403125 0.3515625
0 0.53359375 0.8078125 0.390625 0.325
0 0.67421875 0.72421875 0.2 0.1640625
0 0.728125 0.84296875 0.121875 0.1109375
0 0.68828125 0.9109375 0.159375 0.1453125
1 0.69140625 0.9859375 0.1390625 0.028125
0 0.76328125 0.76484375 0.1078125 0.090625
1 0.765625 0.68203125 0.1765625 0.1296875
2 0.8109375 0.78515625 0.1734375 0.2
1 0.92421875 0.16640625 0.09375 0.1546875
1 0.878125 0.3421875 0.0765625 0.134375
1 0.86640625 0.46171875 0.075 0.128125
