2 0.34609375 0.08359375 0.3015625 0.1671875
2 0.275 0.0359375 0.159375 0.071875
2 0.5953125 0.85234375 0.64375 0.2953125
2 0.1734375 0.54453125 0.184375 0.1375
2 0.16796875 0.31796875 0.19375 0.1171875
2 0.14921875 0.03671875 0.0953125 0.0734375
2 0.11328125 0.17265625 0.0953125 0.0765625
0 0.27578125 0.17265625 0.096875 0.0765625
3 0.22578125 0.13515625 0.11875 0.0796875
3 0.20390625 0.06640625 0.05 0.053125
3 0.16796875 0.1828125 0.0890625 0.071875
1 0.1265625 0.21640625 0.05 0.028125
1 0.08359375 0.21171875 0.05 0.028125
1 0.28984375 0.65625 0.0515625 0.0375
0 0.81796875 0.265625 0.346875 0.2453125
0 0.87578125 0.465625 0.2484375 0.209375
1 0.8296875 0.78671875 0.234375 0.1734375
1 0.6359375 0.74921875 0.253125 0.15625
1 0.50703125 0.63203125 0.1984375 0.115625
0 0.71875 0.615625 0.303125 0.1796875
0 0.52890625 0.26328125 0.1890625 0.13125
1 0.44765625 0.33125 0.15 0.0953125
3 0.546875 0.43671875 0.2859375 0.165625
0 0.4515625 0.525 0.16875 0.1171875
0 0.37265625 0.6375 0.15625 0.125
0 0.2859375 0.56953125 0.1453125 0.090625
1 0.303125 0.53046875 0.121875 0.0703125
0 0.32109375 0.47578125 0.121875 0.090625
0 0.359375 0.396875 0.14375 0.0984375
0 0.35703125 0.32421875 0.10625 0.084375
0 0.34375 0.2625 0.13125 0.09375
0 0.27578125 0.32265625 0.08125 0.0734375
0 0.25625 0.265625 0.0859375 0.071875
0 0.215625 0.26875 0.0828125 0.059375
0 0.1578125 0.26796875 0.06875 0.0421875
3 0.2671875 0.38984375 0.115625 0.0765625
0 0.24296875 0.44375 0.090625 0.065625
0 0.2078125 0.47265625 0.09375 0.06875
0 0.1765625 0.43125 0.0734375 0.053125
0 0.10625 0.4296875 0.0703125 0.0484375
0 0.1421875 0.40078125 0.0625 0.053125
0 0.18203125 0.38203125 0.0671875 0.05
0 0.13125 0.36796875 0.059375 0.0421875
0 0.096875 0.390625 0.05625 0.034375
0 0.071875 0.37578125 0.0359375 0.0328125
0 0.0859375 0.3546875 0.040625 0.03125
3 0.06171875 0.3046875 0.0515625 0.05625
0 0.06484375 0.2609375 0.0359375 0.03125
0 0.03203125 0.41171875 0.0421875 0.0421875
0 0.03125 0.3671875 0.03125 0.0328125
0 0.9515625 0.65546875 0.0625 0.1140625
