0 0.91015625 0.72578125 0.1796875 0.4703125
3 0.5453125 0.721875 0.6125 0.55625
2 0.53515625 0.4015625 0.2125 0.1859375
1 0.73515625 0.490625 0.1234375 0.1640625
3 0.57734375 0.45546875 0.13125 0.1015625
1 0.93515625 0.4796875 0.1296875 0.13125
1 0.890625 0.44296875 0.121875 0.059375
0 0.815625 0.434375 0.1046875 0.0734375
0 0.24375 0.56171875 0.0953125 0.171875
0 0.084375 0.71953125 0.1609375 0.3671875
0 0.13671875 0.58984375 0.096875 0.14375
0 0.2984375 0.4890625 0.0609375 0.06875
0 0.18046875 0.53203125 0.0609375 0.1015625
3 0.109375 0.49375 0.059375 0.0703125
1 0.12890625 0.51796875 0.04375 0.05625
