1 0.08671875 0.734375 0.1703125 0.51953125
1 0.10859375 0.47890625 0.2171875 0.3640625
1 0.06796875 0.2875 0.1359375 0.05859375
1 0.16953125 0.30546875 0.1015625 0.15
1 0.25234375 0.321875 0.1140625 0.19453125
2 0.31015625 0.190625 0.3015625 0.146875
1 0.371875 0.465625 0.2625 0.39140625
1 0.6390625 0.665625 0.434375 0.653125
1 0.9125 0.54296875 0.171875 0.48046875
1 0.8828125 0.34609375 0.175 0.175
1 0.9546875 0.26953125 0.06875 0.10546875
1 0.896875 0.25390625 0.1 0.046875
1 0.7265625 0.29296875 0.0875 0.146875
1 0.80703125 0.27890625 0.0703125 0.13046875
1 0.534375 0.346875 0.15625 0.2
1 0.48125 0.25546875 0.115625 0.05
1 0.40234375 0.25 0.0609375 0.05546875
1 0.51328125 0.221875 0.0234375 0.0609375
1 0.60390625 0.2125 0.0546875 0.046875
1 0.675 0.21640625 0.05625 0.05
3 0.75234375 0.21796875 0.0859375 0.053125
3 0.88515625 0.20390625 0.0640625 0.05859375
0 0.64453125 0.284375 0.0859375 0.103125
