2 0.896875 0.62890625 0.20625 0.5296875
2 0.571875 0.54453125 0.428125 0.5015625
2 0.16875 0.34140625 0.2765625 0.3234375
2 0.03203125 0.2671875 0.0640625 0.1625
2 0.13984375 0.1171875 0.0515625 0.040625
1 0.82578125 0.80390625 0.2515625 0.29375
0 0.49921875 0.78984375 0.278125 0.3078125
0 0.21953125 0.571875 0.16875 0.2
1 0.24453125 0.49453125 0.109375 0.1671875
3 0.08125 0.45859375 0.1390625 0.1796875
0 0.01953125 0.396875 0.0390625 0.103125
3 0.01796875 0.321875 0.0359375 0.10625
1 0.1375 0.42578125 0.0671875 0.125
1 0.2515625 0.49140625 0.1125 0.159375
1 0.31015625 0.32890625 0.0703125 0.1171875
1 0.70703125 0.4703125 0.128125 0.196875
0 0.4078125 0.33984375 0.121875 0.1234375
0 0.3671875 0.4265625 0.0546875 0.1140625
1 0.3390625 0.37734375 0.0375 0.06875
0 0.08828125 0.203125 0.053125 0.0453125
0 0.06875 0.190625 0.0625 0.0640625
0 0.13671875 0.1703125 0.0671875 0.05625
