1 0.93984375 0.5234375 0.1140625 0.103125
3 0.67421875 0.81796875 0.3078125 0.35859375
0 0.83359375 0.7875 0.2796875 0.3359375
2 0.69765625 0.3734375 0.3140625 0.31953125
3 0.9078125 0.69296875 0.18125 0.35859375
0 0.72421875 0.5609375 0.1828125 0.18359375
1 0.54765625 0.390625 0.0578125 0.125
0 0.56640625 0.603125 0.2078125 0.25546875
0 0.57890625 0.53046875 0.1578125 0.171875
1 0.60546875 0.484375 0.0265625 0.0640625
0 0.371875 0.5984375 0.15625 0.21953125
0 0.40625 0.475 0.11875 0.15546875
2 0.3984375 0.29453125 0.171875 0.25
3 0.471875 0.24609375 0.053125 0.103125
0 0.32265625 0.3625 0.0859375 0.13046875
1 0.26015625 0.4265625 0.0640625 0.14140625
3 0.26015625 0.2984375 0.0703125 0.1140625
0 0.20546875 0.315625 0.0609375 0.13046875
1 0.1484375 0.30703125 0.025 0.046875
1 0.28203125 0.26796875 0.0328125 0.0640625
0 0.27890625 0.240625 0.0515625 0.075
1 0.2296875 0.240625 0.0375 0.075
1 0.2140625 0.209375 0.025 0.053125
0 0.23984375 0.1984375 0.0296875 0.05859375
0 0.184375 0.21953125 0.046875 0.0609375
0 0.14453125 0.19609375 0.0359375 0.0640625
2 0.29296875 0.15546875 0.0734375 0.1
2 0.19453125 0.109375 0.0484375 0.0859375
0 0.10234375 0.16796875 0.0359375 0.046875
3 0.134375 0.1375 0.028125 0.046875
0 0.15625 0.12109375 0.01875 0.025
0 0.1078125 0.1265625 0.01875 0.025
0 0.0703125 0.109375 0.01875 0.0359375
1 0.22890625 0.1265625 0.0265625 0.046875
0 0.18046875 0.86640625 0.1828125 0.2609375
1 0.15859375 0.6765625 0.0515625 0.13046875
0 0.03359375 0.9609375 0.0671875 0.071875
0 0.0265625 0.75390625 0.053125 0.2640625
0 0.11015625 0.5765625 0.0921875 0.175
0 0.01875 0.54296875 0.0375 0.14140625
0 0.0984375 0.4515625 0.0875 0.125
0 0.07421875 0.375 0.0703125 0.0890625
0 0.0203125 0.4265625 0.040625 0.10859375
0 0.01796875 0.35859375 0.0359375 0.08359375
3 0.06171875 0.2984375 0.0609375 0.103125
0 0.0390625 0.221875 0.040625 0.0609375
0 0.01484375 0.3015625 0.0296875 0.0640625
0 0.03203125 0.1890625 0.0265625 0.01640625
0 0.025 0.16953125 0.021875 0.028125
0 0.02265625 0.1484375 0.0171875 0.01953125
0 0.02109375 0.13046875 0.0203125 0.028125
0 0.0046875 0.20390625 0.009375 0.0359375
2 0.15703125 0.08203125 0.0234375 0.053125
0 0.01328125 0.10390625 0.0171875 0.03046875
