0 0.66328125 0.71171875 0.6734375 0.5765625
3 0.48359375 0.45078125 0.36875 0.3296875
0 0.8125 0.4296875 0.315625 0.1953125
0 0.8984375 0.5671875 0.203125 0.28125
0 0.13203125 0.38046875 0.09375 0.1171875
0 0.92734375 0.32265625 0.0953125 0.1
2 0.93359375 0.2609375 0.103125 0.1125
2 0.575 0.27890625 0.2171875 0.1234375
1 0.2140625 0.496875 0.1765625 0.275
1 0.24296875 0.421875 0.1328125 0.1828125
1 0.05390625 0.396875 0.1078125 0.171875
1 0.2359375 0.3234375 0.0734375 0.04375
1 0.32109375 0.340625 0.0625 0.1
1 0.1234375 0.31328125 0.05625 0.05
1 0.765625 0.334375 0.1296875 0.1234375
1 0.65546875 0.3421875 0.1125 0.128125
1 0.58359375 0.334375 0.0609375 0.10625
1 0.384375 0.2953125 0.071875 0.0359375
