1 0.1140625 0.35546875 0.228125 0.2609375
2 0.02109375 0.16796875 0.0421875 0.08046875
2 0.09765625 0.18203125 0.1265625 0.13046875
2 0.2046875 0.15390625 0.04375 0.05859375
0 0.21953125 0.2265625 0.0203125 0.05859375
2 0.51796875 0.20546875 0.4296875 0.20546875
1 0.35703125 0.365625 0.2296875 0.26953125
1 0.378125 0.39453125 0.2625 0.28359375
1 0.546875 0.328125 0.15625 0.2
1 0.65390625 0.3265625 0.1203125 0.203125
1 0.80859375 0.45546875 0.3015625 0.3609375
1 0.71875 0.37890625 0.209375 0.2640625
1 0.8125 0.265625 0.153125 0.09140625
1 0.9640625 0.3375 0.06875 0.225
1 0.33359375 0.7875 0.4328125 0.4140625
3 0.0765625 0.2234375 0.15 0.09140625
