2 0.3515625 0.18671875 0.321875 0.2171875
1 0.75234375 0.796875 0.4953125 0.4
2 0.340625 0.07265625 0.121875 0.0484375
2 0.3203125 0.04140625 0.0859375 0.0375
2 0.26875 0.07890625 0.071875 0.0421875
0 0.4078125 0.30703125 0.1140625 0.065625
1 0.340625 0.31015625 0.0546875 0.0359375
3 0.4625 0.73125 0.2109375 0.1265625
0 0.4921875 0.92265625 0.146875 0.1546875
2 0.3546875 0.91171875 0.153125 0.1765625
0 0.421875 0.88125 0.15625 0.2375
0 0.44375 0.81484375 0.1203125 0.146875
2 0.41484375 0.5328125 0.5859375 0.440625
