2 0.09609375 0.12890625 0.1921875 0.24140625
2 0.19921875 0.15703125 0.0453125 0.13046875
2 0.37734375 0.11953125 0.1765625 0.178125
2 0.50078125 0.14140625 0.0671875 0.078125
2 0.63671875 0.11640625 0.1015625 0.078125
2 0.75 0.0890625 0.06875 0.078125
2 0.96484375 0.184375 0.0671875 0.23046875
1 0.471875 0.8265625 0.265625 0.325
1 0.70078125 0.59609375 0.1234375 0.296875
1 0.86328125 0.5625 0.0515625 0.1359375
0 0.0359375 0.52890625 0.071875 0.24140625
0 0.37578125 0.621875 0.3078125 0.3390625
0 0.209375 0.5375 0.275 0.2859375
0 0.25546875 0.39453125 0.2234375 0.16640625
0 0.24140625 0.340625 0.1984375 0.146875
0 0.4375 0.40703125 0.1875 0.1640625
0 0.76171875 0.4625 0.1453125 0.2140625
0 0.61328125 0.3984375 0.1640625 0.225
0 0.04609375 0.26953125 0.0890625 0.0609375
0 0.140625 0.24609375 0.10625 0.0859375
0 0.23671875 0.26953125 0.1453125 0.09453125
0 0.36484375 0.22109375 0.1203125 0.09140625
0 0.29296875 0.2265625 0.0734375 0.075
0 0.25078125 0.1984375 0.0703125 0.04140625
0 0.25234375 0.39609375 0.2265625 0.1359375
0 0.4828125 0.31796875 0.153125 0.13046875
0 0.47421875 0.2609375 0.1328125 0.078125
1 0.57890625 0.26796875 0.0703125 0.10859375
1 0.878125 0.30859375 0.05 0.121875
1 0.85625 0.26796875 0.04375 0.125
1 0.79375 0.228125 0.040625 0.078125
0 0.8015625 0.29296875 0.075 0.10859375
0 0.721875 0.3265625 0.08125 0.1359375
0 0.68828125 0.26640625 0.0984375 0.0609375
0 0.65078125 0.2515625 0.0796875 0.075
0 0.59921875 0.2140625 0.0765625 0.08359375
0 0.709375 0.225 0.065625 0.071875
0 0.6640625 0.19296875 0.046875 0.04140625
1 0.76328125 0.21953125 0.0171875 0.05546875
3 0.8390625 0.2 0.053125 0.0890625
0 0.91953125 0.228125 0.0328125 0.078125
0 0.90625 0.1734375 0.040625 0.04140625
0 0.88125 0.225 0.040625 0.0609375
3 0.403125 0.178125 0.08125 0.0609375
3 0.7328125 0.17890625 0.059375 0.08046875
0 0.77890625 0.19140625 0.0390625 0.0609375
0 0.93671875 0.140625 0.0234375 0.0359375
0 0.91484375 0.134375 0.0140625 0.03046875
3 0.63671875 0.165625 0.0484375 0.05859375
0 0.46953125 0.20390625 0.0828125 0.053125
0 0.546875 0.1890625 0.053125 0.0390625
0 0.503125 0.178125 0.04375 0.021875
2 0.8203125 0.0984375 0.04375 0.0359375
