2 0.90234375 0.23359375 0.1890625 0.2609375
2 0.93125 0.1515625 0.128125 0.13046875
2 0.13046875 0.6984375 0.2609375 0.596875
2 0.37265625 0.19609375 0.0984375 0.1640625
2 0.58984375 0.13203125 0.0734375 0.18046875
2 0.87109375 0.0375 0.0859375 0.075
2 0.71640625 0.04140625 0.0578125 0.0828125
0 0.7578125 0.1984375 0.05625 0.0859375
3 0.78125 0.140625 0.053125 0.10859375
3 0.8421875 0.1015625 0.04375 0.04140625
3 0.7203125 0.096875 0.053125 0.078125
1 0.67734375 0.065625 0.0171875 0.046875
1 0.67109375 0.0234375 0.0171875 0.046875
1 0.29453125 0.3375 0.0265625 0.046875
0 0.80859375 0.74609375 0.1703125 0.3140625
0 0.63515625 0.87109375 0.1484375 0.253125
1 0.30859375 0.89296875 0.1234375 0.20859375
1 0.29453125 0.69609375 0.0984375 0.2359375
1 0.37421875 0.540625 0.0703125 0.1859375
0 0.4453125 0.74140625 0.109375 0.28359375
0 0.7359375 0.46640625 0.090625 0.171875
1 0.64921875 0.40546875 0.0609375 0.1390625
3 0.5734375 0.52890625 0.1 0.26953125
0 0.46328125 0.459375 0.0796875 0.153125
0 0.334375 0.4125 0.09375 0.1359375
0 0.37734375 0.3109375 0.0578125 0.13359375
1 0.41953125 0.31796875 0.0421875 0.1140625
0 0.47734375 0.32109375 0.0640625 0.10859375
0 0.56328125 0.3375 0.0671875 0.13046875
0 0.6328125 0.31640625 0.0625 0.09453125
0 0.6890625 0.2875 0.065625 0.11953125
0 0.61328125 0.2375 0.0578125 0.06953125
0 0.66328125 0.20390625 0.0546875 0.075
0 0.65 0.165625 0.040625 0.075
0 0.63515625 0.109375 0.0265625 0.0640625
3 0.54609375 0.246875 0.0515625 0.10546875
0 0.4875 0.2375 0.046875 0.08046875
0 0.45078125 0.2109375 0.0484375 0.08359375
0 0.4828125 0.16953125 0.0375 0.06640625
0 0.46640625 0.1015625 0.0328125 0.0640625
0 0.503125 0.12890625 0.040625 0.053125
0 0.53203125 0.1625 0.0359375 0.05859375
0 0.53203125 0.109375 0.0296875 0.053125
0 0.5015625 0.08203125 0.021875 0.053125
0 0.509375 0.05390625 0.025 0.03046875
0 0.53359375 0.0625 0.0234375 0.0359375
3 0.575 0.0265625 0.046875 0.04140625
0 0.61796875 0.01796875 0.0234375 0.03046875
0 0.4640625 0.025 0.034375 0.03359375
0 0.50703125 0.0125 0.0265625 0.025
0 0.46640625 0.9765625 0.1078125 0.0359375
