0 0.21875 0.728125 0.4375 0.5390625
0 0.47265625 0.43046875 0.1640625 0.171875
0 0.58359375 0.403125 0.0890625 0.128125
1 0.07109375 0.3859375 0.0640625 0.11640625
1 0.36015625 0.3609375 0.0359375 0.05546875
2 0.72890625 0.34140625 0.2078125 0.26640625
2 0.92578125 0.35703125 0.1265625 0.16953125
2 0.98046875 0.3359375 0.0359375 0.1390625
1 0.84296875 0.3609375 0.0296875 0.071875
1 0.16328125 0.4125 0.0453125 0.103125
1 0.23203125 0.40703125 0.0359375 0.0859375
3 0.465625 0.35859375 0.10625 0.10546875
0 0.40078125 0.34609375 0.0296875 0.096875
1 0.303125 0.37890625 0.03125 0.046875
