2 0.28046875 0.01015625 0.1609375 0.0203125
2 0.74609375 0.41953125 0.259375 0.2171875
2 0.54375 0.43828125 0.41875 0.2703125
2 0.66875 0.771875 0.3 0.1421875
2 0.96796875 0.74609375 0.0578125 0.0875
0 0.14921875 0.609375 0.2984375 0.221875
0 0.68125 0.65859375 0.1609375 0.0984375
0 0.75546875 0.57578125 0.115625 0.08125
0 0.84296875 0.60859375 0.0953125 0.071875
0 0.834375 0.6859375 0.0984375 0.0703125
0 0.89609375 0.72421875 0.0734375 0.0515625
0 0.9421875 0.878125 0.06875 0.0390625
0 0.81640625 0.83125 0.1078125 0.059375
0 0.20546875 0.978125 0.39375 0.0375
0 0.675 0.9890625 0.146875 0.021875
0 0.78125 0.990625 0.090625 0.01875
3 0.865625 0.9890625 0.121875 0.021875
0 0.93125 0.98828125 0.059375 0.0234375
0 0.9625 0.98828125 0.05625 0.0234375
3 0.92890625 0.69140625 0.0765625 0.053125
2 0.8921875 0.784375 0.1078125 0.06875
0 0.95234375 0.76328125 0.0359375 0.0390625
1 0.79765625 0.7390625 0.115625 0.053125
1 0.5078125 0.6859375 0.2078125 0.08125
1 0.25859375 0.48125 0.290625 0.121875
1 0.06953125 0.26015625 0.1265625 0.08125
1 0.45859375 0.0921875 0.0875 0.103125
1 0.54140625 0.1953125 0.090625 0.0875
1 0.41484375 0.271875 0.1671875 0.071875
1 0.853125 0.878125 0.046875 0.0234375
1 0.95546875 0.82734375 0.0609375 0.03125
1 0.97109375 0.81484375 0.046875 0.0203125
1 0.96875 0.85078125 0.05 0.0171875
1 0.8953125 0.68828125 0.03125 0.021875
