1 0.5234375 0.93984375 0.103125 0.1140625
3 0.81796875 0.67421875 0.359375 0.3078125
0 0.7875 0.83359375 0.3359375 0.2796875
2 0.3734375 0.69765625 0.31875 0.3140625
3 0.69296875 0.9078125 0.359375 0.18125
0 0.5609375 0.72421875 0.184375 0.1828125
1 0.390625 0.54765625 0.125 0.0578125
0 0.603125 0.56640625 0.25625 0.2078125
0 0.53046875 0.57890625 0.171875 0.1578125
1 0.484375 0.60546875 0.0640625 0.0265625
0 0.5984375 0.371875 0.21875 0.15625
0 0.475 0.40625 0.15625 0.11875
2 0.29453125 0.3984375 0.25 0.171875
3 0.24609375 0.471875 0.103125 0.053125
0 0.3625 0.32265625 0.13125 0.0859375
1 0.4265625 0.26015625 0.140625 0.0640625
3 0.2984375 0.26015625 0.1140625 0.0703125
0 0.315625 0.20546875 0.13125 0.0609375
1 0.30703125 0.1484375 0.046875 0.025
1 0.26796875 0.28203125 0.0640625 0.0328125
0 0.240625 0.27890625 0.075 0.0515625
1 0.240625 0.2296875 0.075 0.0375
1 0.209375 0.2140625 0.053125 0.025
0 0.1984375 0.23984375 0.059375 0.0296875
0 0.21953125 0.184375 0.0609375 0.046875
0 0.19609375 0.14453125 0.0640625 0.0359375
2 0.15546875 0.29296875 0.1 0.0734375
2 0.109375 0.19453125 0.0859375 0.0484375
0 0.16796875 0.10234375 0.046875 0.0359375
3 0.1375 0.134375 0.046875 0.028125
0 0.12109375 0.15625 0.025 0.01875
0 0.1265625 0.1078125 0.025 0.01875
0 0.109375 0.0703125 0.0359375 0.01875
1 0.1265625 0.22890625 0.046875 0.0265625
0 0.86640625 0.18046875 0.2609375 0.1828125
1 0.6765625 0.15859375 0.13125 0.0515625
0 0.9609375 0.03359375 0.071875 0.0671875
0 0.75390625 0.0265625 0.2640625 0.053125
0 0.5765625 0.11015625 0.175 0.0921875
0 0.54296875 0.01875 0.140625 0.0375
0 0.4515625 0.0984375 0.125 0.0875
0 0.375 0.07421875 0.0890625 0.0703125
0 0.4265625 0.0203125 0.109375 0.040625
0 0.35859375 0.01796875 0.084375 0.0359375
3 0.2984375 0.06171875 0.103125 0.0609375
0 0.221875 0.0390625 0.0609375 0.040625
0 0.3015625 0.01484375 0.0640625 0.0296875
0 0.1890625 0.03203125 0.015625 0.0265625
0 0.16953125 0.025 0.028125 0.021875
0 0.1484375 0.02265625 0.01875 0.0171875
0 0.13046875 0.02109375 0.028125 0.0203125
0 0.20390625 0.0046875 0.0359375 0.009375
2 0.08203125 0.15703125 0.053125 0.0234375
0 0.10390625 0.01328125 0.03125 0.0171875
