1 0.95859375 0.3109375 0.0828125 0.19375
1 0.8953125 0.321875 0.1546875 0.2234375
1 0.8484375 0.340625 0.221875 0.25625
1 0.7828125 0.253125 0.1375 0.1609375
1 0.728125 0.2234375 0.065625 0.13125
1 0.67578125 0.234375 0.1359375 0.146875
1 0.590625 0.203125 0.1109375 0.1546875
1 0.5046875 0.1859375 0.1234375 0.1296875
1 0.41953125 0.16484375 0.09375 0.1234375
1 0.6109375 0.61484375 0.7 0.7703125
1 0.46015625 0.38828125 0.2984375 0.4171875
1 0.21328125 0.5015625 0.39375 0.703125
1 0.13359375 0.296875 0.20625 0.3578125
1 0.1078125 0.17421875 0.11875 0.16875
1 0.26875 0.13125 0.065625 0.115625
1 0.34765625 0.1203125 0.078125 0.0703125
1 0.41875 0.16171875 0.096875 0.1
1 0.50703125 0.1734375 0.1140625 0.0984375
1 0.675 0.23984375 0.128125 0.1390625
2 0.6390625 0.13125 0.1015625 0.10625
2 0.47109375 0.09140625 0.1984375 0.1328125
2 0.259375 0.0828125 0.28125 0.165625
2 0.12109375 0.03828125 0.0640625 0.0765625
2 0.1125 0.0390625 0.046875 0.078125
2 0.31484375 0.25 0.2109375 0.2359375
0 0.32421875 0.16015625 0.14375 0.09375
