1 0.684375 0.4828125 0.63125 0.84375
1 0.6328125 0.13046875 0.66875 0.2609375
1 0.41328125 0.2296875 0.378125 0.321875
1 0.3265625 0.30390625 0.265625 0.215625
1 0.30546875 0.03046875 0.0828125 0.0609375
1 0.275 0.11875 0.1203125 0.2078125
1 0.2078125 0.24765625 0.0796875 0.1328125
1 0.1875 0.371875 0.146875 0.1
1 0.275 0.525 0.2984375 0.175
1 0.40859375 0.8875 0.5734375 0.225
1 0.34453125 0.659375 0.321875 0.290625
1 0.26796875 0.73359375 0.3109375 0.19375
1 0.14921875 0.62578125 0.1234375 0.1109375
1 0.12109375 0.78046875 0.0921875 0.1078125
1 0.12890625 0.87890625 0.0890625 0.1421875
1 0.06875 0.91640625 0.0703125 0.0453125
1 0.0734375 0.8578125 0.090625 0.078125
2 0.0609375 0.815625 0.05 0.03125
3 0.0671875 0.73671875 0.0890625 0.1046875
3 0.16640625 0.49296875 0.196875 0.19375
1 0.20078125 0.05078125 0.1078125 0.05625
1 0.16328125 0.23984375 0.0625 0.06875
3 0.1984375 0.1578125 0.1046875 0.10625
1 0.10703125 0.6859375 0.0609375 0.0640625
0 0.08046875 0.89921875 0.05625 0.03125
3 0.09296875 0.64921875 0.053125 0.0921875
