2 0.94921875 0.2390625 0.0984375 0.2390625
2 0.19765625 0.1515625 0.2359375 0.19140625
2 0.36875 0.2015625 0.1 0.09140625
2 0.54296875 0.171875 0.1234375 0.0890625
2 0.65703125 0.140625 0.0765625 0.09140625
2 0.6984375 0.15703125 0.059375 0.046875
2 0.04453125 0.1984375 0.0703125 0.125
2 0.2796875 0.8265625 0.559375 0.34140625
0 0.078125 0.70390625 0.15625 0.2140625
3 0.13984375 0.51640625 0.2796875 0.2390625
0 0.47265625 0.6375 0.2515625 0.26953125
1 0.7421875 0.60390625 0.1125 0.29140625
1 0.86171875 0.48203125 0.0390625 0.10859375
1 0.88671875 0.378125 0.0296875 0.0609375
1 0.7765625 0.403125 0.065625 0.15546875
1 0.8125 0.334375 0.05 0.10859375
1 0.7671875 0.30859375 0.04375 0.1
1 0.85546875 0.3140625 0.0328125 0.09453125
1 0.45625 0.43203125 0.103125 0.146875
1 0.47890625 0.36796875 0.0859375 0.1359375
1 0.34296875 0.540625 0.1515625 0.23046875
0 0.02578125 0.46640625 0.0484375 0.14453125
0 0.2015625 0.3640625 0.20625 0.10546875
0 0.3296875 0.4 0.16875 0.13359375
0 0.6265625 0.4234375 0.103125 0.18046875
0 0.57734375 0.3234375 0.0953125 0.1140625
0 0.54453125 0.28046875 0.0890625 0.08359375
0 0.66171875 0.27890625 0.0703125 0.075
0 0.63203125 0.2515625 0.0671875 0.0640625
0 0.7421875 0.2609375 0.05625 0.071875
0 0.7046875 0.246875 0.05 0.0890625
0 0.73984375 0.215625 0.0359375 0.04140625
0 0.0265625 0.30703125 0.053125 0.05859375
0 0.0703125 0.28359375 0.11875 0.08359375
0 0.19765625 0.3109375 0.1609375 0.08359375
0 0.18515625 0.2515625 0.0828125 0.046875
0 0.25234375 0.26796875 0.0578125 0.06953125
0 0.33671875 0.2609375 0.1140625 0.078125
3 0.32421875 0.215625 0.0765625 0.046875
1 0.67578125 0.321875 0.0515625 0.11640625
1 0.80546875 0.27109375 0.0421875 0.05859375
0 0.865625 0.27109375 0.053125 0.08046875
0 0.8015625 0.246875 0.040625 0.0609375
1 0.78203125 0.22109375 0.0234375 0.046875
0 0.8875 0.234375 0.028125 0.0640625
0 0.8625 0.21796875 0.01875 0.05859375
3 0.79921875 0.19609375 0.0328125 0.046875
2 0.7484375 0.1609375 0.03125 0.021875
2 0.0109375 0.1765625 0.021875 0.26953125
3 0.43046875 0.309375 0.1453125 0.146875
0 0.66640625 0.278125 0.0703125 0.06640625
0 0.47109375 0.228125 0.0421875 0.028125
0 0.515625 0.23046875 0.053125 0.04453125
3 0.60390625 0.20546875 0.0484375 0.05
0 0.825 0.2109375 0.025 0.05
0 0.8984375 0.190625 0.01875 0.0359375
