1 0.83828125 0.13984375 0.1515625 0.0953125
1 0.815625 0.2125 0.2703125 0.1515625
1 0.61015625 0.2015625 0.1328125 0.1171875
1 0.2015625 0.59609375 0.403125 0.5390625
1 0.28125 0.4703125 0.2859375 0.4140625
1 0.73984375 0.54140625 0.5203125 0.7359375
1 0.453125 0.30234375 0.190625 0.228125
1 0.33125 0.32421875 0.1515625 0.2171875
1 0.49140625 0.2234375 0.0890625 0.1046875
0 0.0796875 0.4484375 0.159375 0.240625
1 0.18984375 0.30234375 0.115625 0.0859375
1 0.0671875 0.35625 0.1296875 0.109375
1 0.0265625 0.3578125 0.053125 0.10625
2 0.2015625 0.24140625 0.121875 0.10625
2 0.02578125 0.28203125 0.0515625 0.1171875
1 0.1328125 0.33125 0.0484375 0.09375
0 0.675 0.190625 0.0578125 0.0828125
0 0.57734375 0.34140625 0.2953125 0.28125
