1 0.0421875 0.69375 0.05 0.2140625
1 0.6515625 0.7046875 0.053125 0.20703125
1 0.53203125 0.59765625 0.0421875 0.1546875
0 0.11875 0.5703125 0.0625 0.121875
0 0.01328125 0.55 0.0265625 0.11796875
0 0.0578125 0.4578125 0.05 0.08828125
0 0.07421875 0.4 0.0421875 0.05546875
0 0.69765625 0.6 0.1328125 0.1
0 0.659375 0.5203125 0.1125 0.09609375
3 0.62890625 0.4578125 0.1140625 0.1109375
2 0.446875 0.409375 0.10625 0.36171875
1 0.18828125 0.4578125 0.0328125 0.1109375
1 0.25859375 0.3265625 0.0203125 0.07734375
1 0.16796875 0.38203125 0.0203125 0.08515625
1 0.1578125 0.3484375 0.015625 0.07734375
1 0.1234375 0.2328125 0.015625 0.04453125
1 0.15078125 0.1734375 0.0140625 0.0296875
1 0.13046875 0.1828125 0.0109375 0.03359375
1 0.15546875 0.22890625 0.0171875 0.03671875
1 0.1703125 0.2234375 0.0125 0.040625
1 0.1203125 0.18828125 0.0125 0.0296875
2 0.16875 0.1328125 0.040625 0.03671875
3 0.36484375 0.36328125 0.0515625 0.16640625
1 0.76171875 0.8578125 0.1234375 0.246875
1 0.7609375 0.671875 0.065625 0.09609375
1 0.51796875 0.35390625 0.0140625 0.03671875
1 0.49453125 0.2453125 0.0078125 0.03359375
1 0.49921875 0.23046875 0.0296875 0.040625
1 0.50859375 0.41484375 0.0078125 0.0703125
