2 0.45234375 0.94609375 0.0328125 0.096875
2 0.4484375 0.7984375 0.025 0.075
2 0.45625 0.7140625 0.025 0.0609375
2 0.4265625 0.734375 0.01875 0.06953125
2 0.43984375 0.665625 0.0203125 0.05859375
2 0.38984375 0.51953125 0.0140625 0.04453125
2 0.38046875 0.3859375 0.0078125 0.021875
0 0.36796875 0.3890625 0.0046875 0.0109375
0 0.39453125 0.47890625 0.0078125 0.0140625
0 0.40859375 0.55 0.0078125 0.01640625
1 0.39609375 0.55 0.0046875 0.01640625
1 0.403125 0.68359375 0.009375 0.021875
1 0.41171875 0.665625 0.0078125 0.025
1 0.42578125 0.68203125 0.0046875 0.01953125
1 0.40703125 0.5984375 0.0046875 0.0140625
1 0.41640625 0.565625 0.0046875 0.0140625
1 0.4421875 0.746875 0.009375 0.021875
0 0.46171875 0.76796875 0.0140625 0.03046875
3 0.44609375 0.88046875 0.0328125 0.0390625
1 0.47890625 0.9390625 0.0140625 0.0390625
0 0.4921875 0.97890625 0.01875 0.03046875
