1 0.240625 0.01875 0.090625 0.0375
1 0.39453125 0.0140625 0.0609375 0.028125
1 0.44921875 0.178125 0.0484375 0.0359375
1 0.4765625 0.48828125 0.0515625 0.0203125
1 0.325 0.08359375 0.146875 0.084375
1 0.3609375 0.15078125 0.146875 0.0796875
1 0.4 0.23125 0.115625 0.0609375
1 0.34375 0.2359375 0.1171875 0.053125
1 0.46484375 0.28671875 0.0765625 0.03125
1 0.5 0.20390625 0.0359375 0.0234375
0 0.48828125 0.2328125 0.065625 0.0546875
1 0.53046875 0.36015625 0.0515625 0.021875
1 0.52734375 0.38046875 0.0515625 0.021875
1 0.571875 0.3859375 0.028125 0.0125
3 0.5609375 0.3515625 0.05 0.03125
1 0.57578125 0.36875 0.03125 0.015625
1 0.5390625 0.39296875 0.0453125 0.0234375
1 0.59375 0.4453125 0.03125 0.0140625
0 0.6140625 0.4234375 0.01875 0.0234375
2 0.61796875 0.45625 0.0484375 0.025
2 0.63984375 0.45234375 0.025 0.01875
1 0.55859375 0.45078125 0.0328125 0.0109375
1 0.109375 0.5546875 0.2171875 0.08125
1 0.2328125 0.59765625 0.1484375 0.0546875
1 0.328125 0.546875 0.115625 0.0453125
1 0.38515625 0.58828125 0.0875 0.0328125
1 0.43203125 0.5375 0.071875 0.0375
1 0.44296875 0.55390625 0.0578125 0.021875
1 0.5078125 0.5234375 0.0453125 0.01875
1 0.53203125 0.53046875 0.0265625 0.0109375
3 0.35703125 0.44921875 0.2453125 0.1046875
0 0.0859375 0.728125 0.171875 0.1375
3 0.2265625 0.76875 0.165625 0.115625
1 0.29609375 0.73984375 0.0484375 0.0375
1 0.346875 0.7015625 0.0453125 0.0359375
1 0.33828125 0.715625 0.0375 0.0375
1 0.3234375 0.72734375 0.0453125 0.0390625
1 0.35859375 0.6953125 0.0453125 0.0421875
1 0.396875 0.66875 0.0375 0.0328125
1 0.4046875 0.65703125 0.03125 0.034375
1 0.41328125 0.65703125 0.028125 0.034375
0 0.40703125 0.6046875 0.0765625 0.046875
0 0.44296875 0.6265625 0.0578125 0.0765625
0 0.459375 0.60703125 0.0484375 0.0609375
3 0.47578125 0.6 0.0734375 0.0796875
3 0.5234375 0.56171875 0.06875 0.0328125
3 0.54609375 0.58046875 0.0453125 0.0234375
3 0.5609375 0.5703125 0.025 0.0109375
3 0.5890625 0.553125 0.028125 0.015625
3 0.59921875 0.55078125 0.0203125 0.0125
1 0.58359375 0.5390625 0.028125 0.0125
1 0.584375 0.5265625 0.025 0.0109375
1 0.58984375 0.52578125 0.028125 0.0125
3 0.61953125 0.5390625 0.0171875 0.0109375
3 0.64453125 0.53203125 0.025 0.0125
0 0.634375 0.50859375 0.0109375 0.0078125
0 0.6421875 0.509375 0.00625 0.00625
0 0.65546875 0.51015625 0.00625 0.0046875
1 0.646875 0.51875 0.009375 0.0046875
1 0.64765625 0.51328125 0.009375 0.003125
3 0.634375 0.53984375 0.0125 0.00625
