2 0.9203125 0.38828125 0.13125 0.0546875
2 0.815625 0.3796875 0.128125 0.0546875
2 0.69453125 0.4015625 0.0828125 0.0484375
2 0.60390625 0.4234375 0.0671875 0.034375
2 0.5984375 0.3890625 0.0671875 0.0296875
2 0.56015625 0.41796875 0.0625 0.028125
2 0.38828125 0.38671875 0.0484375 0.0234375
2 0.2515625 0.39765625 0.0203125 0.0125
1 0.9796875 0.40390625 0.0125 0.0125
0 0.9078125 0.41796875 0.05 0.03125
1 0.8625 0.4140625 0.040625 0.021875
3 0.78515625 0.409375 0.0484375 0.034375
1 0.64296875 0.39609375 0.0171875 0.0109375
1 0.609375 0.4015625 0.0109375 0.0046875
1 0.51796875 0.38828125 0.0140625 0.0078125
1 0.465625 0.39453125 0.0140625 0.0078125
1 0.57734375 0.36953125 0.0265625 0.015625
1 0.54140625 0.3734375 0.0203125 0.0125
1 0.421875 0.3859375 0.0203125 0.0109375
1 0.41640625 0.3953125 0.015625 0.0078125
0 0.42890625 0.40078125 0.0171875 0.0140625
0 0.3765625 0.4 0.015625 0.0125
3 0.2765625 0.39453125 0.0203125 0.0109375
0 0.246875 0.38359375 0.009375 0.00625
0 0.21484375 0.40390625 0.00625 0.0046875
