0 0.67265625 0.95546875 0.0890625 0.0890625
0 0.6515625 0.90390625 0.06875 0.0921875
0 0.62109375 0.82578125 0.0515625 0.0703125
0 0.61640625 0.7921875 0.04375 0.059375
1 0.571875 0.93125 0.0578125 0.1109375
1 0.5765625 0.725 0.0234375 0.0546875
1 0.5625 0.6875 0.021875 0.0421875
1 0.61015625 0.659375 0.0140625 0.03125
1 0.596875 0.66640625 0.0203125 0.0328125
1 0.5875 0.65390625 0.0171875 0.03125
1 0.56875 0.63125 0.015625 0.028125
1 0.5953125 0.61875 0.0125 0.025
1 0.52890625 0.675 0.009375 0.0171875
1 0.5796875 0.621875 0.0109375 0.025
0 0.4984375 0.640625 0.021875 0.0265625
1 0.484375 0.65234375 0.021875 0.0359375
1 0.43515625 0.64453125 0.0296875 0.04375
1 0.40078125 0.68671875 0.0203125 0.0515625
1 0.36015625 0.68046875 0.0265625 0.0578125
3 0.33828125 0.79921875 0.103125 0.19375
0 0.31875 0.70234375 0.046875 0.065625
1 0.3171875 0.66015625 0.028125 0.046875
3 0.36875 0.58671875 0.0421875 0.05
1 0.21328125 0.85546875 0.0671875 0.1375
1 0.146875 0.8515625 0.0578125 0.1203125
1 0.234375 0.78515625 0.0625 0.1015625
0 0.08203125 0.81640625 0.1203125 0.109375
0 0.1390625 0.76171875 0.109375 0.0828125
3 0.1703125 0.73203125 0.1109375 0.1078125
1 0.27734375 0.7203125 0.021875 0.0421875
1 0.2828125 0.67578125 0.0109375 0.025
2 0.31640625 0.56953125 0.0578125 0.0921875
