0 0.11640625 0.7296875 0.1890625 0.21015625
3 0.5703125 0.7765625 0.4 0.41484375
1 0.90390625 0.74140625 0.1828125 0.2140625
1 0.93046875 0.61015625 0.1328125 0.109375
1 0.7125 0.6609375 0.103125 0.21875
1 0.43203125 0.43203125 0.0671875 0.14921875
1 0.33359375 0.35234375 0.0671875 0.1296875
1 0.20703125 0.3234375 0.0390625 0.1296875
1 0.028125 0.13046875 0.025 0.06953125
3 0.584375 0.528125 0.16875 0.22578125
1 0.72578125 0.51484375 0.0359375 0.06484375
0 0.525 0.39609375 0.13125 0.09609375
0 0.446875 0.33125 0.15625 0.0828125
0 0.27734375 0.30234375 0.0796875 0.09609375
3 0.39921875 0.28125 0.1421875 0.0890625
1 0.21328125 0.27265625 0.0453125 0.10703125
1 0.1234375 0.1453125 0.021875 0.07578125
1 0.090625 0.121875 0.0375 0.0734375
1 0.21328125 0.0734375 0.0265625 0.03984375
1 0.2171875 0.1671875 0.028125 0.0359375
1 0.21171875 0.2078125 0.0328125 0.02265625
