0 0.3171875 0.95546875 0.065625 0.06953125
0 0.34921875 0.9125 0.0515625 0.0828125
0 0.39453125 0.84140625 0.0359375 0.06640625
0 0.40625 0.803125 0.03125 0.05
1 0.46796875 0.8640625 0.0234375 0.07265625
1 0.5328125 0.76171875 0.015625 0.053125
1 0.490625 0.71171875 0.0125 0.03984375
1 0.53125 0.70546875 0.0125 0.03984375
1 0.51328125 0.68515625 0.0109375 0.0328125
1 0.503125 0.68203125 0.009375 0.0328125
1 0.475 0.67734375 0.009375 0.0296875
1 0.4390625 0.67734375 0.009375 0.0296875
1 0.4625 0.67734375 0.009375 0.0296875
1 0.4875 0.6609375 0.009375 0.0296875
1 0.50390625 0.65390625 0.0109375 0.01640625
1 0.5421875 0.6890625 0.021875 0.03984375
1 0.43359375 0.65078125 0.0078125 0.0234375
1 0.4515625 0.6421875 0.009375 0.01953125
3 0.47421875 0.62890625 0.0234375 0.03984375
2 0.5078125 0.6109375 0.03125 0.03671875
2 0.46953125 0.609375 0.0296875 0.01953125
3 0.6984375 0.90390625 0.05625 0.171875
1 0.72265625 0.87578125 0.0359375 0.109375
1 0.70234375 0.79609375 0.0359375 0.04296875
1 0.72890625 0.728125 0.0203125 0.04609375
1 0.7171875 0.69375 0.03125 0.04296875
1 0.62890625 0.721875 0.0140625 0.053125
3 0.6859375 0.70859375 0.028125 0.04609375
1 0.80078125 0.9484375 0.0640625 0.0828125
1 0.778125 0.90078125 0.03125 0.09921875
1 0.8625 0.9453125 0.040625 0.0890625
0 0.934375 0.93359375 0.1125 0.0859375
0 0.88984375 0.865625 0.1015625 0.05625
3 0.8640625 0.8296875 0.096875 0.09609375
1 0.746875 0.80625 0.015625 0.04296875
1 0.76171875 0.7515625 0.0109375 0.0265625
0 0.71796875 0.775 0.0359375 0.059375
1 0.75390625 0.6984375 0.0203125 0.04609375
3 0.74375 0.65546875 0.025 0.059375
1 0.759375 0.8 0.00625 0.03671875
