2 0.77109375 0.60234375 0.103125 0.0953125
2 0.73828125 0.49296875 0.078125 0.0375
2 0.746875 0.5484375 0.096875 0.0734375
2 0.7171875 0.4625 0.0765625 0.0625
2 0.71796875 0.41171875 0.0609375 0.0375
2 0.684375 0.55078125 0.05 0.05625
2 0.69609375 0.82734375 0.071875 0.0875
2 0.703125 0.96015625 0.06875 0.0796875
2 0.69140625 0.74296875 0.05 0.0421875
1 0.88984375 0.04140625 0.0890625 0.046875
1 0.97421875 0.05 0.0515625 0.065625
1 0.97265625 0.14296875 0.0546875 0.0515625
0 0.878125 0.1265625 0.075 0.0765625
3 0.81015625 0.22734375 0.1046875 0.0578125
1 0.92578125 0.4359375 0.115625 0.1015625
