1 0.11484375 0.83828125 0.1328125 0.0796875
1 0.26953125 0.8328125 0.0765625 0.0453125
1 0.334375 0.85078125 0.0453125 0.0234375
1 0.38046875 0.84453125 0.03125 0.021875
1 0.38515625 0.95703125 0.03125 0.01875
1 0.1140625 0.75078125 0.115625 0.065625
1 0.1828125 0.76171875 0.0859375 0.05
1 0.32421875 0.8359375 0.0375 0.0265625
1 0.30390625 0.91328125 0.0453125 0.0203125
1 0.08671875 0.49453125 0.0484375 0.078125
1 0.1015625 0.51328125 0.04375 0.0765625
1 0.11484375 0.54140625 0.0484375 0.0671875
1 0.1328125 0.5515625 0.053125 0.0703125
1 0.18203125 0.603125 0.0515625 0.065625
3 0.190625 0.7171875 0.0828125 0.06875
0 0.2234375 0.671875 0.0609375 0.13125
0 0.24140625 0.70546875 0.0578125 0.1046875
3 0.26484375 0.7171875 0.0828125 0.1375
3 0.31796875 0.78359375 0.078125 0.0546875
3 0.334375 0.740625 0.0484375 0.0390625
1 0.35390625 0.83359375 0.0265625 0.0203125
1 0.37265625 0.825 0.0265625 0.0171875
3 0.4078125 0.86875 0.0234375 0.0203125
0 0.4140625 0.846875 0.0171875 0.0140625
0 0.42578125 0.85625 0.0125 0.0140625
3 0.38203125 0.78125 0.028125 0.0234375
0 0.40625 0.9109375 0.0203125 0.01875
0 0.4125 0.99765625 0.021875 0.0046875
1 0.434375 0.91953125 0.0125 0.0078125
3 0.46015625 0.83828125 0.0171875 0.0109375
1 0.396875 0.828125 0.021875 0.015625
3 0.4109375 0.79921875 0.0171875 0.015625
3 0.434375 0.80703125 0.0203125 0.0203125
3 0.03828125 0.45703125 0.0765625 0.1421875
