1 0.67734375 0.09765625 0.1703125 0.084375
1 0.73828125 0.16328125 0.125 0.053125
3 0.96171875 0.12265625 0.0765625 0.0640625
1 0.884375 0.175 0.0859375 0.065625
1 0.92890625 0.17734375 0.0703125 0.0421875
1 0.70859375 0.3953125 0.1234375 0.05
3 0.83046875 0.40859375 0.1296875 0.1
3 0.8484375 0.4734375 0.084375 0.040625
1 0.6078125 0.39921875 0.1859375 0.090625
1 0.89609375 0.46484375 0.0546875 0.0265625
1 0.7578125 0.43515625 0.11875 0.0515625
1 0.72265625 0.453125 0.1046875 0.0546875
1 0.71796875 0.51328125 0.0609375 0.0375
0 0.503125 0.52890625 0.16875 0.10625
1 0.4375 0.5765625 0.1734375 0.09375
3 0.53046875 0.66328125 0.1859375 0.1796875
0 0.44453125 0.7 0.159375 0.1875
0 0.3046875 0.76015625 0.2015625 0.1859375
1 0.2828125 0.659375 0.2546875 0.1265625
1 0.21171875 0.559375 0.34375 0.178125
1 0.0984375 0.72734375 0.196875 0.2078125
3 0.146875 0.81328125 0.29375 0.2765625
