0 0.415625 0.97109375 0.03125 0.04921875
0 0.721875 0.96015625 0.034375 0.07109375
1 0.49140625 0.9109375 0.0109375 0.05390625
1 0.46875 0.85234375 0.0125 0.04453125
1 0.475 0.83671875 0.009375 0.04921875
1 0.4765625 0.8078125 0.009375 0.0359375
1 0.5 0.83046875 0.009375 0.0359375
1 0.44609375 0.79921875 0.0078125 0.0359375
1 0.465625 0.80546875 0.009375 0.03125
1 0.490625 0.85078125 0.0125 0.0578125
3 0.5359375 0.8484375 0.03125 0.11640625
3 0.525 0.77890625 0.028125 0.0578125
1 0.43828125 0.78125 0.0078125 0.0265625
1 0.4484375 0.77265625 0.00625 0.01796875
1 0.4578125 0.7703125 0.003125 0.02265625
1 0.46640625 0.7859375 0.0078125 0.01796875
1 0.4703125 0.77265625 0.009375 0.0265625
2 0.43125 0.71171875 0.0125 0.04921875
2 0.47109375 0.72578125 0.0296875 0.03984375
3 0.4953125 0.7453125 0.01875 0.0359375
1 0.56015625 0.84140625 0.0109375 0.03984375
1 0.62578125 0.87265625 0.0328125 0.0671875
1 0.61953125 0.7859375 0.0109375 0.0359375
1 0.65234375 0.9484375 0.0265625 0.09375
1 0.7015625 0.9265625 0.01875 0.08515625
1 0.6875 0.9171875 0.009375 0.07578125
1 0.73203125 0.89921875 0.0203125 0.0671875
0 0.72890625 0.8328125 0.0390625 0.07578125
1 0.74296875 0.875 0.0140625 0.04453125
3 0.759375 0.81484375 0.021875 0.04921875
1 0.76796875 0.9328125 0.0140625 0.0359375
