0 0.04453125 0.84140625 0.0796875 0.1421875
0 0.1015625 0.7578125 0.1140625 0.115625
0 0.2703125 0.50625 0.06875 0.0625
0 0.209375 0.65859375 0.1015625 0.0890625
0 0.2578125 0.62734375 0.084375 0.0734375
1 0.36328125 0.47109375 0.0765625 0.0359375
1 0.4515625 0.546875 0.05 0.028125
1 0.4578125 0.49375 0.053125 0.021875
1 0.50859375 0.53359375 0.040625 0.0203125
1 0.50390625 0.5671875 0.034375 0.0125
1 0.53359375 0.553125 0.015625 0.015625
1 0.4765625 0.50625 0.034375 0.009375
3 0.5015625 0.4421875 0.04375 0.03125
3 0.571875 0.56484375 0.03125 0.0390625
2 0.5609375 0.47109375 0.040625 0.0671875
1 0.4140625 0.39296875 0.065625 0.0234375
1 0.42890625 0.32421875 0.059375 0.0234375
1 0.41796875 0.2875 0.046875 0.01875
1 0.40703125 0.17734375 0.065625 0.0390625
3 0.4765625 0.1875 0.04375 0.046875
1 0.3859375 0.0421875 0.05625 0.01875
1 0.40703125 0.01640625 0.059375 0.0296875
3 0.16875 0.0875 0.26875 0.125
1 0.1328125 0.01875 0.0875 0.021875
0 0.29375 0.01328125 0.071875 0.0203125
