1 0.4375 0.73359375 0.796875 0.5328125
1 0.8890625 0.278125 0.1203125 0.175
1 0.94921875 0.28203125 0.0515625 0.1296875
1 0.72890625 0.27890625 0.0765625 0.115625
1 0.6328125 0.28828125 0.06875 0.1171875
1 0.5953125 0.27421875 0.059375 0.0828125
2 0.48515625 0.2625 0.0796875 0.0984375
0 0.44375 0.29921875 0.0328125 0.04375
0 0.3625 0.328125 0.1 0.0828125
0 0.42421875 0.29375 0.0234375 0.0234375
3 0.32890625 0.29375 0.0953125 0.0734375
1 0.2625 0.35078125 0.0578125 0.071875
1 0.23203125 0.375 0.0765625 0.096875
2 0.2046875 0.3296875 0.1671875 0.1171875
2 0.04453125 0.3890625 0.0890625 0.109375
