1 0.76875 0.70625 0.0875 0.4328125
1 0.07421875 0.1484375 0.0578125 0.2125
1 0.10703125 0.0890625 0.0453125 0.17734375
1 0.67265625 0.253125 0.0578125 0.25078125
1 0.76328125 0.24140625 0.0546875 0.228125
1 0.83671875 0.38203125 0.0328125 0.20078125
1 0.82734375 0.23359375 0.0421875 0.2125
1 0.028125 0.39375 0.046875 0.4015625
1 0.71875 0.1234375 0.040625 0.1625
0 0.8609375 0.19921875 0.090625 0.2046875
0 0.9015625 0.0828125 0.184375 0.12734375
0 0.84765625 0.06015625 0.1296875 0.11953125
1 0.75390625 0.0640625 0.0484375 0.11953125
1 0.971875 0.15625 0.053125 0.096875
