0 0.1921875 0.96875 0.08125 0.04296875
0 0.2265625 0.9171875 0.06875 0.09921875
0 0.26171875 0.859375 0.0515625 0.0828125
0 0.30859375 0.78984375 0.0390625 0.06328125
0 0.32109375 0.75859375 0.0328125 0.053125
1 0.3328125 0.90390625 0.034375 0.10625
1 0.375 0.70234375 0.0125 0.053125
1 0.396875 0.66875 0.0125 0.03984375
1 0.35703125 0.63046875 0.0078125 0.0296875
1 0.36796875 0.640625 0.0140625 0.0296875
1 0.38046875 0.63046875 0.0109375 0.0296875
1 0.403125 0.6125 0.009375 0.0265625
1 0.38046875 0.59453125 0.0078125 0.0234375
1 0.4328125 0.6640625 0.00625 0.01640625
1 0.3953125 0.60078125 0.00625 0.0234375
0 0.46953125 0.6375 0.0171875 0.0234375
1 0.48125 0.65234375 0.015625 0.0328125
1 0.53046875 0.65546875 0.0203125 0.03984375
1 0.5546875 0.70390625 0.009375 0.05
1 0.59609375 0.70703125 0.0140625 0.05625
3 0.58984375 0.828125 0.0640625 0.18515625
0 0.63125 0.73828125 0.034375 0.059375
1 0.6421875 0.696875 0.01875 0.04296875
3 0.60859375 0.6140625 0.0328125 0.04296875
1 0.69921875 0.9109375 0.0390625 0.1328125
1 0.76484375 0.921875 0.0328125 0.115625
1 0.69453125 0.8375 0.0421875 0.09296875
0 0.8359375 0.90234375 0.103125 0.0890625
0 0.79296875 0.8359375 0.0984375 0.06328125
3 0.76875 0.8 0.09375 0.0890625
1 0.6671875 0.76484375 0.0125 0.03984375
1 0.671875 0.7203125 0.00625 0.0234375
2 0.66328125 0.609375 0.0390625 0.0859375
