2 0.0515625 0.47734375 0.1015625 0.046875
2 0.196875 0.50390625 0.078125 0.0359375
2 0.28203125 0.509375 0.0640625 0.034375
2 0.25703125 0.5359375 0.0703125 0.0296875
2 0.32734375 0.53359375 0.0625 0.0296875
2 0.46328125 0.60546875 0.0453125 0.0203125
2 0.59375 0.6359375 0.0234375 0.0109375
0 0.5890625 0.64765625 0.0109375 0.00625
0 0.5046875 0.6078125 0.015625 0.009375
0 0.4359375 0.5828125 0.0171875 0.0109375
1 0.434375 0.59453125 0.015625 0.0078125
1 0.303125 0.5671875 0.0234375 0.0125
1 0.32265625 0.5609375 0.0265625 0.0109375
1 0.30859375 0.54453125 0.01875 0.0078125
1 0.38828125 0.5765625 0.0140625 0.00625
1 0.421875 0.57265625 0.0140625 0.00625
1 0.246875 0.51875 0.0234375 0.0125
0 0.2296875 0.49609375 0.0328125 0.01875
3 0.115625 0.49375 0.04375 0.0390625
1 0.06328125 0.45234375 0.040625 0.0203125
0 0.02578125 0.4328125 0.034375 0.0234375
