0 0.09609375 0.65859375 0.1921875 0.2390625
3 0.5203125 0.77265625 0.465625 0.4546875
1 0.85546875 0.8078125 0.2171875 0.2421875
1 0.9046875 0.68359375 0.15 0.13125
1 0.68125 0.6953125 0.1390625 0.2328125
1 0.44453125 0.42109375 0.0921875 0.159375
1 0.36171875 0.32578125 0.0890625 0.1390625
1 0.2421875 0.275 0.0609375 0.134375
1 0.09921875 0.05390625 0.0359375 0.071875
3 0.578125 0.5421875 0.2046875 0.2515625
1 0.71953125 0.55390625 0.046875 0.0703125
0 0.54296875 0.40234375 0.1453125 0.11875
0 0.47734375 0.32421875 0.16875 0.109375
0 0.31484375 0.26640625 0.0953125 0.109375
3 0.4390625 0.2671875 0.15625 0.1125
1 0.25703125 0.2265625 0.0625 0.1125
1 0.190625 0.08515625 0.034375 0.078125
1 0.1625 0.05625 0.05 0.078125
1 0.29140625 0.03046875 0.0328125 0.0453125
1 0.27890625 0.1234375 0.034375 0.040625
1 0.2671875 0.1625 0.0359375 0.0265625
