1 0.13984375 0.85078125 0.1109375 0.1109375
2 0.33125 0.71875 0.084375 0.10234375
2 0.27109375 0.6890625 0.0671875 0.08203125
2 0.215625 0.67890625 0.065625 0.08515625
2 0.24453125 0.6421875 0.0734375 0.05703125
2 0.2828125 0.62109375 0.046875 0.0484375
2 0.1453125 0.63515625 0.065625 0.065625
2 0.68046875 0.70703125 0.0984375 0.07421875
2 0.54609375 0.67578125 0.0796875 0.0625
3 0.5859375 0.76015625 0.1125 0.1734375
1 0.25546875 0.7953125 0.0265625 0.0453125
1 0.33046875 0.78125 0.0421875 0.05078125
