3 0.18515625 0.5796875 0.3453125 0.16875
3 0.0578125 0.3078125 0.115625 0.125
1 0.30234375 0.940625 0.1484375 0.0890625
1 0.34296875 0.87109375 0.134375 0.0859375
1 0.3703125 0.7875 0.1125 0.065625
1 0.40859375 0.828125 0.0515625 0.0359375
1 0.43046875 0.81640625 0.0375 0.034375
1 0.471875 0.81328125 0.040625 0.0296875
0 0.45859375 0.7828125 0.0703125 0.059375
1 0.43671875 0.7296875 0.0828125 0.0375
1 0.4109375 0.69453125 0.0859375 0.0390625
1 0.46796875 0.6546875 0.053125 0.0265625
1 0.4765625 0.67421875 0.0546875 0.0265625
1 0.503125 0.6375 0.0484375 0.0234375
1 0.52890625 0.62578125 0.0390625 0.0171875
3 0.5265625 0.66171875 0.0484375 0.0359375
1 0.50390625 0.61640625 0.046875 0.025
1 0.54921875 0.56875 0.03125 0.015625
2 0.5734375 0.559375 0.053125 0.0296875
1 0.53984375 0.64296875 0.0390625 0.0203125
3 0.5359375 0.5140625 0.06875 0.034375
1 0.465625 0.49453125 0.0546875 0.0203125
1 0.45390625 0.48125 0.0515625 0.0234375
1 0.5375 0.49140625 0.0296875 0.0125
1 0.528125 0.48125 0.03125 0.0140625
1 0.5640625 0.4890625 0.0171875 0.009375
1 0.54765625 0.48359375 0.028125 0.0125
3 0.54296875 0.459375 0.028125 0.015625
3 0.55 0.46328125 0.0203125 0.0125
3 0.47890625 0.453125 0.059375 0.0359375
3 0.49609375 0.434375 0.040625 0.0234375
1 0.3953125 0.465625 0.0609375 0.028125
1 0.31484375 0.49296875 0.11875 0.053125
1 0.275 0.46640625 0.121875 0.0484375
1 0.27109375 0.4296875 0.115625 0.0484375
1 0.32265625 0.4328125 0.0984375 0.0375
1 0.36640625 0.4484375 0.071875 0.0359375
1 0.37421875 0.66875 0.0828125 0.034375
3 0.16328125 0.2609375 0.175 0.1234375
1 0.28046875 0.3078125 0.046875 0.046875
1 0.26328125 0.290625 0.046875 0.046875
1 0.3015625 0.321875 0.05625 0.05
1 0.34765625 0.353125 0.0421875 0.0375
0 0.3546875 0.4125 0.071875 0.0484375
0 0.38984375 0.390625 0.05625 0.078125
0 0.40703125 0.4109375 0.046875 0.0578125
3 0.425 0.415625 0.0625 0.0765625
1 0.56328125 0.48359375 0.015625 0.0078125
3 0.5734375 0.46953125 0.0171875 0.009375
3 0.5984375 0.47734375 0.025 0.0140625
