0 0.98125 0.30390625 0.0375 0.0734375
0 0.928125 0.31328125 0.103125 0.0703125
0 0.88203125 0.32578125 0.084375 0.0578125
0 0.8015625 0.34921875 0.075 0.04375
0 0.75859375 0.34765625 0.0359375 0.03125
1 0.71640625 0.38203125 0.0578125 0.01875
1 0.6953125 0.40390625 0.0546875 0.0203125
1 0.65859375 0.42109375 0.0390625 0.015625
1 0.6375 0.42734375 0.03125 0.0125
1 0.63359375 0.40859375 0.0296875 0.0109375
1 0.63046875 0.3625 0.0265625 0.0109375
1 0.615625 0.35703125 0.0234375 0.009375
1 0.63046875 0.3453125 0.025 0.0234375
1 0.6609375 0.38046875 0.0421875 0.021875
1 0.67265625 0.4515625 0.0484375 0.021875
1 0.63984375 0.39453125 0.034375 0.0140625
1 0.6296875 0.3796875 0.025 0.0140625
3 0.6125 0.40078125 0.028125 0.01875
3 0.7671875 0.60703125 0.13125 0.0703125
1 0.6390625 0.61796875 0.0421875 0.0203125
1 0.759375 0.6453125 0.08125 0.025
1 0.690625 0.6328125 0.0546875 0.0203125
1 0.64921875 0.6328125 0.0296875 0.0109375
1 0.76640625 0.671875 0.0828125 0.0390625
1 0.74375 0.68828125 0.0421875 0.01875
1 0.69765625 0.684375 0.028125 0.0171875
0 0.8015625 0.73359375 0.084375 0.053125
0 0.85625 0.8984375 0.1 0.1
0 0.8078125 0.84296875 0.0828125 0.1046875
3 0.7578125 0.80625 0.078125 0.090625
1 0.82578125 0.771875 0.0921875 0.046875
1 0.88671875 0.846875 0.1328125 0.059375
3 0.9015625 0.93828125 0.084375 0.0921875
