3 0.7703125 0.57109375 0.153125 0.41953125
3 0.95234375 0.34609375 0.0828125 0.203125
3 0.94453125 0.1390625 0.0390625 0.0890625
3 0.8890625 0.015625 0.015625 0.03046875
0 0.98359375 0.1484375 0.0171875 0.053125
3 0.3203125 0.7609375 0.221875 0.33359375
3 0.1734375 0.89609375 0.065625 0.203125
3 0.16328125 0.6984375 0.0671875 0.275
2 0.4265625 0.5984375 0.246875 0.346875
1 0.03046875 0.4 0.0234375 0.08359375
3 0.5796875 0.484375 0.0625 0.246875
3 0.62265625 0.41953125 0.0390625 0.21640625
3 0.653125 0.365625 0.03125 0.203125
3 0.21875 0.4359375 0.140625 0.1609375
3 0.5078125 0.2484375 0.0875 0.075
3 0.73671875 0.1875 0.0265625 0.153125
