2 0.59296875 0.77421875 0.0921875 0.09921875
2 0.484375 0.7375 0.034375 0.0765625
2 0.53984375 0.7484375 0.0703125 0.09375
2 0.4546875 0.715625 0.059375 0.07421875
2 0.40390625 0.71484375 0.0359375 0.059375
2 0.54453125 0.6859375 0.0546875 0.0484375
2 0.8203125 0.70703125 0.084375 0.06796875
2 0.95625 0.7203125 0.084375 0.065625
2 0.7359375 0.7 0.040625 0.0484375
1 0.028125 0.8734375 0.04375 0.08828125
1 0.03359375 0.965625 0.0640625 0.0625
1 0.1265625 0.965625 0.05 0.0625
0 0.11328125 0.86484375 0.0734375 0.07109375
3 0.21640625 0.80078125 0.0546875 0.10234375
1 0.42109375 0.9234375 0.0984375 0.11328125
