1 0.48671875 0.5109375 0.0546875 0.0265625
1 0.45703125 0.73125 0.065625 0.03125
0 0.47109375 0.67265625 0.046875 0.0390625
0 0.47421875 0.65 0.0328125 0.0234375
0 0.48203125 0.57578125 0.0203125 0.0171875
0 0.4859375 0.56484375 0.01875 0.0109375
0 0.4828125 0.5265625 0.0328125 0.015625
0 0.48515625 0.33046875 0.096875 0.0921875
1 0.47578125 0.2640625 0.0546875 0.0359375
0 0.5 0.09296875 0.20625 0.1859375
1 0.47734375 0.5890625 0.05625 0.015625
1 0.4875 0.5515625 0.028125 0.0125
0 0.4796875 0.63828125 0.0359375 0.0328125
