0 0.68671875 0.74296875 0.1421875 0.146875
0 0.52734375 0.71640625 0.0640625 0.1
0 0.58984375 0.69609375 0.0546875 0.05859375
1 0.06484375 0.8515625 0.1296875 0.29140625
1 0.40703125 0.7390625 0.0328125 0.0890625
1 0.94921875 0.68359375 0.0609375 0.03359375
3 0.80234375 0.659375 0.0515625 0.053125
3 0.96015625 0.65546875 0.0734375 0.0609375
3 0.7046875 0.65546875 0.01875 0.021875
0 0.6046875 0.6625 0.015625 0.0140625
0 0.5609375 0.68203125 0.01875 0.04140625
3 0.4953125 0.684375 0.034375 0.05859375
