3 0.53828125 0.97265625 0.025 0.0390625
2 0.5203125 0.9046875 0.025 0.08125
2 0.540625 0.84765625 0.0203125 0.071875
2 0.51796875 0.80390625 0.0234375 0.059375
2 0.540625 0.73984375 0.021875 0.05
2 0.5796875 0.61953125 0.0140625 0.040625
2 0.590625 0.48515625 0.00625 0.015625
0 0.509375 0.846875 0.015625 0.028125
1 0.5546875 0.77265625 0.00625 0.015625
1 0.5578125 0.7296875 0.0046875 0.0140625
1 0.56484375 0.79296875 0.009375 0.021875
1 0.5640625 0.72265625 0.0078125 0.021875
1 0.5796875 0.64453125 0.0078125 0.01875
1 0.56875 0.63203125 0.0046875 0.0109375
0 0.5640625 0.6421875 0.0078125 0.015625
0 0.584375 0.55 0.0078125 0.0140625
3 0.59140625 0.5046875 0.0078125 0.015625
0 0.60390625 0.49609375 0.0046875 0.0109375
