0 0.2890625 0.5359375 0.071875 0.06640625
0 0.33046875 0.5359375 0.0515625 0.0609375
0 0.36015625 0.53046875 0.0390625 0.04453125
0 0.44140625 0.52890625 0.0140625 0.025
0 0.4515625 0.52890625 0.0125 0.025
0 0.49609375 0.52890625 0.0078125 0.03046875
1 0.14609375 0.559375 0.0546875 0.15859375
1 0.4265625 0.5359375 0.01875 0.071875
1 0.51171875 0.53203125 0.0234375 0.046875
2 0.4828125 0.52109375 0.015625 0.03046875
1 0.46796875 0.525 0.0109375 0.028125
0 0.89375 0.54609375 0.19375 0.1359375
1 0.72421875 0.553125 0.0234375 0.04453125
