2 0.53671875 0.553125 0.2859375 0.709375
2 0.884375 0.446875 0.025 0.0734375
0 0.31796875 0.59921875 0.0546875 0.1015625
0 0.371875 0.5921875 0.040625 0.096875
0 0.33359375 0.50703125 0.0203125 0.0734375
3 0.36484375 0.52109375 0.0515625 0.0828125
3 0.37265625 0.4609375 0.0359375 0.0734375
3 0.70546875 0.48828125 0.0640625 0.31328125
3 0.77421875 0.4421875 0.0203125 0.0921875
3 0.93984375 0.4609375 0.0421875 0.0921875
3 0.8109375 0.4515625 0.01875 0.05546875
3 0.853125 0.446875 0.040625 0.13828125
