0 0.06640625 0.7296875 0.075 0.071875
0 0.10546875 0.69296875 0.0875 0.059375
0 0.171875 0.640625 0.06875 0.0421875
0 0.20859375 0.625 0.053125 0.0359375
1 0.14140625 0.56953125 0.0734375 0.03125
1 0.2359375 0.49453125 0.0546875 0.0203125
1 0.290625 0.53125 0.0421875 0.0171875
1 0.2921875 0.490625 0.0421875 0.0171875
1 0.31484375 0.50625 0.034375 0.0140625
1 0.31875 0.515625 0.034375 0.0125
1 0.3265625 0.54375 0.03125 0.0125
1 0.3296875 0.57890625 0.03125 0.0125
1 0.32734375 0.55546875 0.03125 0.0125
1 0.34140625 0.52890625 0.03125 0.0125
1 0.346875 0.5125 0.0171875 0.0125
1 0.3078125 0.478125 0.0421875 0.0265625
1 0.35703125 0.58203125 0.0234375 0.0109375
1 0.36328125 0.56328125 0.0203125 0.0109375
3 0.37421875 0.5390625 0.0421875 0.028125
2 0.3890625 0.50390625 0.040625 0.034375
2 0.39453125 0.54140625 0.021875 0.03125
3 0.0828125 0.34453125 0.165625 0.0734375
1 0.103125 0.31796875 0.1125 0.046875
1 0.184375 0.3296875 0.046875 0.040625
1 0.24921875 0.29609375 0.0484375 0.025
1 0.284375 0.30390625 0.046875 0.0359375
1 0.265625 0.3953125 0.0546875 0.0203125
3 0.2734375 0.33671875 0.05 0.0328125
1 0.03359375 0.246875 0.0671875 0.071875
1 0.07265625 0.265625 0.103125 0.0421875
1 0.0328125 0.1859375 0.065625 0.05
0 0.0359375 0.11328125 0.071875 0.1203125
0 0.0953125 0.15078125 0.0671875 0.10625
3 0.134375 0.17265625 0.10625 0.10625
1 0.16953125 0.28671875 0.0453125 0.0203125
1 0.22265625 0.265625 0.028125 0.0140625
0 0.20390625 0.31171875 0.0625 0.0421875
1 0.27578125 0.26796875 0.0484375 0.025
3 0.31953125 0.27421875 0.0609375 0.03125
1 0.17421875 0.2734375 0.0375 0.009375
