1 0.06796875 0.41796875 0.0484375 0.1640625
1 0.11796875 0.34375 0.0265625 0.121875
3 0.02890625 0.13203125 0.0484375 0.07265625
1 0.096875 0.1984375 0.05 0.0765625
1 0.0890625 0.1546875 0.028125 0.06484375
1 0.35078125 0.3203125 0.0234375 0.121875
3 0.33671875 0.1984375 0.0765625 0.11484375
3 0.39609375 0.16640625 0.0234375 0.08046875
1 0.37734375 0.41796875 0.0515625 0.1796875
1 0.3765625 0.121875 0.015625 0.053125
1 0.37890625 0.26328125 0.0265625 0.11484375
1 0.40390625 0.29375 0.0328125 0.09921875
1 0.4640625 0.284375 0.025 0.05703125
0 0.52734375 0.490625 0.0734375 0.15625
1 0.58828125 0.54375 0.0578125 0.1640625
3 0.65234375 0.43359375 0.1484375 0.15625
0 0.70703125 0.509375 0.1640625 0.12578125
0 0.79765625 0.63203125 0.1515625 0.171875
1 0.70390625 0.67578125 0.0734375 0.24453125
1 0.62265625 0.7671875 0.1078125 0.328125
1 0.8203125 0.871875 0.159375 0.2328125
3 0.89453125 0.81640625 0.2046875 0.34375
