1 0.546875 0.74453125 0.715625 0.50546875
3 0.72421875 0.31796875 0.3390625 0.446875
1 0.38046875 0.25703125 0.0109375 0.053125
1 0.49296875 0.25703125 0.0140625 0.0640625
0 0.4265625 0.315625 0.10625 0.153125
1 0.44296875 0.22890625 0.0296875 0.0140625
2 0.4515625 0.228125 0.040625 0.071875
2 0.4953125 0.23359375 0.040625 0.0890625
2 0.54296875 0.2359375 0.0265625 0.0390625
2 0.565625 0.2109375 0.01875 0.028125
1 0.52421875 0.24453125 0.0078125 0.01640625
2 0.93671875 0.2640625 0.1203125 0.26640625
