1 0.2515625 0.93046875 0.21875 0.075
1 0.315625 0.325 0.2109375 0.078125
1 0.40703125 0.45625 0.159375 0.0609375
0 0.38359375 0.86953125 0.128125 0.0765625
0 0.39140625 0.97734375 0.121875 0.040625
0 0.48828125 0.94375 0.0921875 0.0609375
0 0.54765625 0.93515625 0.0609375 0.0484375
0 0.425 0.29140625 0.115625 0.14375
0 0.49921875 0.3390625 0.109375 0.1234375
3 0.5578125 0.37734375 0.1234375 0.1265625
2 0.58359375 0.5640625 0.3734375 0.15
1 0.50390625 0.81484375 0.1140625 0.0453125
1 0.64296875 0.7609375 0.0796875 0.0296875
1 0.5765625 0.84375 0.0859375 0.0296875
1 0.60859375 0.8578125 0.0796875 0.025
1 0.71953125 0.90625 0.0453125 0.0203125
1 0.78125 0.88671875 0.03125 0.0171875
1 0.76953125 0.90546875 0.0359375 0.015625
1 0.72734375 0.875 0.0390625 0.021875
1 0.734375 0.8609375 0.0421875 0.0171875
1 0.76328125 0.91484375 0.03125 0.015625
2 0.82421875 0.8734375 0.0421875 0.0453125
3 0.61953125 0.65078125 0.1703125 0.071875
1 0.1765625 0.196875 0.259375 0.153125
1 0.3609375 0.2203125 0.1046875 0.0765625
1 0.646875 0.5 0.0390625 0.01875
1 0.75234375 0.53671875 0.034375 0.0125
1 0.7671875 0.53359375 0.04375 0.034375
1 0.5859375 0.5015625 0.0703125 0.015625
