1 0.62265625 0.75703125 0.7078125 0.475
1 0.07109375 0.37109375 0.0859375 0.15859375
1 0.01328125 0.3890625 0.0234375 0.128125
1 0.22734375 0.3359375 0.0546875 0.10546875
1 0.32265625 0.3234375 0.0453125 0.10859375
1 0.35625 0.3015625 0.04375 0.075
2 0.4609375 0.265625 0.0625 0.0859375
0 0.509375 0.29140625 0.025 0.0390625
0 0.5953125 0.3015625 0.0875 0.0640625
0 0.52734375 0.28203125 0.0203125 0.01953125
3 0.6203125 0.2609375 0.084375 0.05546875
1 0.69765625 0.3015625 0.0453125 0.0640625
1 0.7328125 0.31796875 0.059375 0.0859375
2 0.74921875 0.26796875 0.1515625 0.0859375
2 0.93984375 0.284375 0.1171875 0.0859375
