2 0.46328125 0.93359375 0.0328125 0.128125
2 0.43671875 0.83203125 0.0328125 0.125
2 0.43671875 0.70859375 0.0359375 0.078125
2 0.44296875 0.615625 0.0234375 0.0640625
2 0.4078125 0.61640625 0.01875 0.06640625
2 0.4296875 0.5734375 0.01875 0.05859375
2 0.36875 0.409375 0.015625 0.046875
2 0.35625 0.2734375 0.009375 0.01953125
1 0.48828125 0.9890625 0.0109375 0.0109375
0 0.48984375 0.915625 0.0234375 0.046875
1 0.478125 0.871875 0.015625 0.0390625
3 0.46015625 0.796875 0.0265625 0.04453125
1 0.42265625 0.65859375 0.0078125 0.01640625
1 0.421875 0.625 0.003125 0.0109375
1 0.39296875 0.5375 0.0046875 0.0140625
1 0.38984375 0.484375 0.0046875 0.0140625
1 0.38515625 0.5984375 0.0109375 0.025
1 0.3828125 0.5625 0.009375 0.01953125
1 0.37421875 0.44296875 0.0078125 0.01953125
1 0.38203125 0.4359375 0.0046875 0.01640625
0 0.38984375 0.446875 0.0109375 0.01640625
0 0.38046875 0.39609375 0.0109375 0.0140625
3 0.35703125 0.2984375 0.0078125 0.01953125
0 0.34140625 0.27109375 0.0046875 0.00859375
0 0.35625 0.2359375 0.003125 0.00546875
