0 0.15859375 0.95546875 0.1421875 0.0796875
0 0.2421875 0.8984375 0.115625 0.1140625
0 0.49375 0.7296875 0.0625 0.06953125
0 0.34140625 0.790625 0.0890625 0.1015625
0 0.37265625 0.7421875 0.0734375 0.084375
1 0.52890625 0.63671875 0.0359375 0.0765625
1 0.453125 0.5484375 0.028125 0.05
1 0.50625 0.5421875 0.021875 0.05234375
1 0.46640625 0.49140625 0.0203125 0.03984375
1 0.4328125 0.49609375 0.0125 0.034375
1 0.446875 0.46640625 0.015625 0.01484375
1 0.49375 0.5234375 0.009375 0.034375
3 0.5578125 0.4984375 0.03125 0.04453125
3 0.43515625 0.428125 0.0390625 0.03203125
2 0.52890625 0.4390625 0.0671875 0.03984375
1 0.60703125 0.5859375 0.0234375 0.06484375
1 0.67578125 0.57109375 0.0234375 0.059375
1 0.7125 0.58203125 0.01875 0.046875
1 0.82265625 0.59296875 0.0390625 0.06484375
3 0.8125 0.5234375 0.046875 0.04453125
1 0.9578125 0.6140625 0.01875 0.05703125
1 0.98359375 0.59296875 0.0296875 0.059375
3 0.9125 0.83125 0.125 0.26796875
1 0.98125 0.8671875 0.021875 0.08671875
0 0.98671875 0.70625 0.0203125 0.071875
