0 0.36640625 0.9640625 0.1578125 0.0609375
0 0.4375 0.9015625 0.134375 0.0921875
0 0.50703125 0.8515625 0.0890625 0.07109375
0 0.59375 0.78671875 0.071875 0.0625
0 0.615625 0.74296875 0.059375 0.0453125
1 0.67265625 0.91953125 0.0671875 0.11640625
1 0.66953125 0.77578125 0.0390625 0.07265625
1 0.728125 0.75703125 0.0375 0.07265625
1 0.690625 0.6265625 0.021875 0.03125
1 0.728125 0.61953125 0.01875 0.03125
1 0.80390625 0.6359375 0.0234375 0.03671875
1 0.840625 0.6390625 0.040625 0.034375
1 0.86875 0.61953125 0.021875 0.03125
1 0.78671875 0.6125 0.0234375 0.03125
1 0.7453125 0.634375 0.01875 0.02578125
1 0.67421875 0.59609375 0.0140625 0.02265625
1 0.66171875 0.59296875 0.0140625 0.02265625
1 0.69140625 0.58359375 0.0140625 0.02109375
1 0.67734375 0.61953125 0.0078125 0.03125
2 0.74375 0.55625 0.059375 0.02578125
