1 0.78828125 0.93203125 0.1015625 0.0828125
1 0.61484375 0.9375 0.0703125 0.11796875
1 0.31484375 0.809375 0.0515625 0.10234375
1 0.2703125 0.76171875 0.040625 0.07421875
1 0.52421875 0.8875 0.0984375 0.1125
0 0.70234375 0.8953125 0.1765625 0.09375
0 0.62265625 0.83125 0.1640625 0.07578125
3 0.5703125 0.78515625 0.16875 0.08125
0 0.31015625 0.72734375 0.0609375 0.06171875
1 0.3609375 0.7625 0.03125 0.04375
1 0.3921875 0.71171875 0.028125 0.0296875
1 0.32890625 0.68515625 0.0359375 0.05078125
2 0.25390625 0.634375 0.1203125 0.12890625
3 0.34296875 0.625 0.0546875 0.06171875
