1 0.5109375 0.8015625 0.71875 0.3859375
1 0.034375 0.50546875 0.040625 0.11640625
1 0.10234375 0.503125 0.0828125 0.13359375
1 0.14453125 0.471875 0.0484375 0.1
1 0.20078125 0.4609375 0.0703125 0.1109375
1 0.2328125 0.44140625 0.0375 0.071875
1 0.2703125 0.43203125 0.021875 0.08046875
1 0.31015625 0.42890625 0.0578125 0.096875
1 0.37265625 0.421875 0.0765625 0.09453125
1 0.44765625 0.4125 0.0671875 0.13046875
1 0.4109375 0.40546875 0.015625 0.0890625
3 0.48671875 0.37890625 0.0234375 0.053125
1 0.5359375 0.36796875 0.015625 0.0359375
1 0.50625 0.3734375 0.0125 0.04140625
1 0.62265625 0.359375 0.0453125 0.0640625
3 0.765625 0.32890625 0.125 0.125
1 0.86328125 0.3390625 0.0546875 0.071875
