1 0.2390625 0.5625 0.478125 0.790625
1 0.60703125 0.953125 0.121875 0.0671875
1 0.59296875 0.88671875 0.15 0.1125
1 0.61328125 0.83828125 0.109375 0.071875
1 0.61015625 0.78125 0.125 0.0953125
1 0.621875 0.7453125 0.078125 0.053125
1 0.621875 0.70625 0.084375 0.040625
1 0.61484375 0.6671875 0.1078125 0.0796875
1 0.60625 0.6046875 0.109375 0.096875
1 0.59765625 0.5296875 0.14375 0.096875
1 0.61328125 0.56328125 0.090625 0.0359375
3 0.62109375 0.48359375 0.0578125 0.0359375
1 0.61953125 0.4328125 0.0390625 0.0234375
1 0.62109375 0.46328125 0.0421875 0.021875
1 0.60703125 0.346875 0.0734375 0.059375
3 0.6015625 0.20078125 0.1515625 0.1515625
1 0.56796875 0.10859375 0.0828125 0.0703125
