1 0.21875 0.928125 0.0625 0.125
1 0.20234375 0.77421875 0.0359375 0.071875
1 0.17578125 0.7125 0.0171875 0.04453125
1 0.17578125 0.66640625 0.0171875 0.0296875
1 0.06328125 0.67734375 0.0140625 0.0296875
1 0.30546875 0.9171875 0.0515625 0.11015625
1 0.28515625 0.85078125 0.0390625 0.08125
1 0.1921875 0.72109375 0.021875 0.03515625
1 0.11796875 0.7515625 0.0140625 0.04453125
1 0.56328125 0.90859375 0.0734375 0.0390625
1 0.5421875 0.89609375 0.071875 0.03515625
1 0.5125 0.8875 0.0625 0.040625
1 0.5 0.87109375 0.065625 0.04453125
1 0.4421875 0.82890625 0.059375 0.04453125
3 0.328125 0.83671875 0.059375 0.07578125
0 0.36796875 0.79765625 0.1265625 0.04453125
0 0.3328125 0.784375 0.1 0.04453125
3 0.31796875 0.76328125 0.1296875 0.06484375
3 0.24453125 0.71953125 0.0453125 0.071875
3 0.28515625 0.69765625 0.0328125 0.04453125
1 0.18984375 0.69140625 0.0171875 0.02421875
1 0.19609375 0.67109375 0.0140625 0.02421875
3 0.14765625 0.64296875 0.0171875 0.021875
0 0.16875 0.63359375 0.0125 0.01484375
0 0.1578125 0.62265625 0.0125 0.0109375
3 0.23828125 0.65625 0.0203125 0.02421875
0 0.10625 0.65 0.015625 0.01875
0 0.015625 0.65625 0.009375 0.0203125
2 0.0046875 0.6703125 0.009375 0.05859375
1 0.09375 0.6234375 0.00625 0.01328125
3 0.1703125 0.58671875 0.009375 0.01640625
1 0.1890625 0.64765625 0.0125 0.0203125
3 0.21640625 0.6296875 0.0140625 0.01484375
3 0.20546875 0.6078125 0.0171875 0.01875
3 0.60703125 0.95859375 0.1328125 0.07578125
