1 0.065625 0.81875 0.128125 0.21875
1 0.2265625 0.73125 0.096875 0.18828125
1 0.1203125 0.67890625 0.053125 0.06640625
1 0.13671875 0.5640625 0.0453125 0.0578125
0 0.20390625 0.5734375 0.0984375 0.1
1 0.321875 0.596875 0.046875 0.14140625
1 0.32421875 0.50703125 0.0359375 0.02734375
1 0.45625 0.4984375 0.03125 0.09453125
1 0.5265625 0.43046875 0.025 0.0640625
1 0.4953125 0.44296875 0.03125 0.07734375
1 0.496875 0.375 0.021875 0.046875
1 0.4703125 0.47109375 0.0375 0.08828125
3 0.421875 0.4046875 0.053125 0.08828125
1 0.45625 0.37265625 0.025 0.05234375
1 0.6078125 0.4375 0.01875 0.071875
1 0.5953125 0.34453125 0.00625 0.0578125
0 0.55546875 0.290625 0.0453125 0.03359375
1 0.60625 0.31171875 0.015625 0.04140625
1 0.634375 0.30625 0.015625 0.046875
2 0.62109375 0.26875 0.0390625 0.07734375
2 0.60703125 0.2328125 0.0328125 0.0390625
3 0.71875 0.4765625 0.08125 0.221875
3 0.77265625 0.20234375 0.0203125 0.0390625
0 0.725 0.21328125 0.0125 0.01640625
0 0.72265625 0.196875 0.0078125 0.0109375
0 0.72265625 0.18125 0.0078125 0.0140625
1 0.73828125 0.1984375 0.0078125 0.01953125
3 0.796875 0.24375 0.015625 0.02734375
1 0.775 0.290625 0.015625 0.04453125
1 0.78046875 0.2828125 0.0109375 0.0390625
1 0.78515625 0.38125 0.0203125 0.075
1 0.80859375 0.37421875 0.0203125 0.071875
1 0.8265625 0.5234375 0.034375 0.1109375
1 0.85 0.6109375 0.04375 0.15234375
1 0.88671875 0.55546875 0.0328125 0.1078125
1 0.915625 0.54296875 0.03125 0.12734375
1 0.93984375 0.84765625 0.0671875 0.2546875
1 0.978125 0.6359375 0.040625 0.1578125
0 0.96875 0.5125 0.059375 0.071875
3 0.9546875 0.47109375 0.0875 0.09453125
3 0.87578125 0.40703125 0.0484375 0.11640625
3 0.9078125 0.35859375 0.0375 0.06953125
3 0.8828125 0.33359375 0.01875 0.0359375
3 0.834375 0.28828125 0.025 0.04453125
3 0.825 0.27109375 0.015625 0.03359375
1 0.80859375 0.3015625 0.0203125 0.05
