1 0.9109375 0.18203125 0.0890625 0.1078125
1 0.928125 0.3546875 0.1234375 0.078125
1 0.821875 0.66328125 0.10625 0.059375
1 0.77734375 0.7109375 0.078125 0.0453125
1 0.88515625 0.4484375 0.11875 0.10625
0 0.88046875 0.2703125 0.10625 0.1828125
0 0.821875 0.3546875 0.0859375 0.16875
3 0.7796875 0.41015625 0.0921875 0.1734375
0 0.73984375 0.6734375 0.0671875 0.065625
1 0.771875 0.6203125 0.0453125 0.034375
1 0.71875 0.59296875 0.03125 0.0296875
1 0.696875 0.6578125 0.053125 0.0390625
2 0.6515625 0.7359375 0.1359375 0.1296875
3 0.6359375 0.64765625 0.065625 0.059375
