3 0.5375 0.22265625 0.434375 0.203125
3 0.2921875 0.06953125 0.2109375 0.10625
3 0.0875 0.103125 0.09375 0.05
0 0.0921875 0.0625 0.0546875 0.0234375
3 0.78125 0.646875 0.359375 0.2609375
3 0.9140625 0.775 0.171875 0.090625
3 0.73828125 0.81015625 0.28125 0.1
2 0.60703125 0.5609375 0.375 0.2875
1 0.4578125 0.978125 0.0859375 0.0328125
3 0.475 0.42265625 0.253125 0.0921875
3 0.40546875 0.38828125 0.21875 0.065625
3 0.34765625 0.3640625 0.2046875 0.05625
3 0.4703125 0.78671875 0.1765625 0.159375
3 0.24921875 0.52265625 0.084375 0.0953125
3 0.1609375 0.303125 0.1546875 0.0453125
