1 0.86953125 0.1078125 0.2328125 0.153125
1 0.7625 0.25703125 0.1984375 0.11875
1 0.72421875 0.1453125 0.071875 0.0609375
1 0.6078125 0.146875 0.0625 0.0515625
0 0.60859375 0.21484375 0.1109375 0.109375
1 0.61796875 0.33515625 0.1453125 0.0640625
1 0.528125 0.3265625 0.0328125 0.0390625
1 0.50390625 0.45625 0.096875 0.0421875
1 0.428125 0.51796875 0.0671875 0.0328125
1 0.44375 0.48828125 0.08125 0.040625
1 0.3765625 0.48203125 0.0484375 0.028125
1 0.475 0.4671875 0.0921875 0.0484375
3 0.41484375 0.4109375 0.09375 0.0640625
1 0.37890625 0.44140625 0.05625 0.03125
1 0.425 0.59921875 0.0734375 0.028125
1 0.334375 0.57578125 0.0578125 0.0125
0 0.28515625 0.5296875 0.0390625 0.0484375
1 0.3 0.5828125 0.0421875 0.0203125
1 0.29140625 0.609375 0.0484375 0.021875
2 0.25546875 0.5921875 0.0828125 0.0484375
2 0.221875 0.5734375 0.0421875 0.0375
3 0.45 0.7140625 0.2296875 0.1078125
3 0.17109375 0.734375 0.040625 0.025
0 0.18828125 0.68828125 0.0171875 0.0140625
0 0.171875 0.684375 0.0125 0.009375
0 0.15625 0.68203125 0.015625 0.009375
1 0.171875 0.7 0.0203125 0.009375
3 0.209375 0.76328125 0.0296875 0.01875
1 0.25859375 0.74765625 0.0453125 0.0203125
1 0.25 0.7515625 0.040625 0.015625
1 0.34765625 0.76875 0.0765625 0.0296875
1 0.3375 0.790625 0.0734375 0.0296875
1 0.48359375 0.82734375 0.1140625 0.046875
1 0.5671875 0.8609375 0.1578125 0.0625
1 0.5078125 0.890625 0.1109375 0.0453125
1 0.4921875 0.91796875 0.13125 0.046875
1 0.79140625 0.96484375 0.2609375 0.0703125
1 0.57578125 0.98046875 0.1609375 0.0390625
0 0.45546875 0.96640625 0.078125 0.0671875
3 0.415625 0.94765625 0.103125 0.0984375
3 0.36171875 0.86171875 0.1203125 0.0625
3 0.31015625 0.8875 0.0734375 0.0453125
3 0.28828125 0.859375 0.0375 0.0234375
3 0.24921875 0.80625 0.046875 0.0296875
3 0.2328125 0.79453125 0.0359375 0.0203125
1 0.265625 0.78203125 0.0515625 0.0265625
