1 0.48828125 0.5125 0.0234375 0.053125
1 0.26640625 0.5265625 0.0265625 0.0640625
0 0.32578125 0.51640625 0.0359375 0.04453125
0 0.3484375 0.515625 0.021875 0.03046875
0 0.4234375 0.5125 0.015625 0.01953125
0 0.434375 0.509375 0.009375 0.01953125
0 0.47265625 0.515625 0.0140625 0.03046875
0 0.66796875 0.5265625 0.0859375 0.09140625
1 0.73359375 0.540625 0.0328125 0.053125
0 0.90859375 0.528125 0.1796875 0.19453125
1 0.409375 0.51640625 0.0125 0.05546875
1 0.44765625 0.50859375 0.0109375 0.028125
0 0.3609375 0.5109375 0.03125 0.03359375
