1 0.65625 0.19921875 0.4421875 0.1609375
1 0.2265625 0.96640625 0.21875 0.0671875
1 0.16328125 0.95859375 0.1828125 0.075
1 0.2265625 0.37265625 0.25625 0.1
1 0.2 0.2859375 0.234375 0.09375
1 0.325 0.1890625 0.203125 0.0671875
1 0.18046875 0.22421875 0.2171875 0.078125
1 0.4765625 0.9625 0.403125 0.075
1 0.09140625 0.35 0.1671875 0.06875
0 0.14140625 0.196875 0.2171875 0.125
0 0.04921875 0.1765625 0.0984375 0.203125
0 0.0375 0.23359375 0.075 0.1484375
1 0.04453125 0.325 0.0890625 0.06875
1 0.0796875 0.0953125 0.1046875 0.06875
