3 0.48203125 0.82421875 0.1078125 0.33125
3 0.7765625 0.91875 0.1 0.1421875
1 0.10546875 0.778125 0.0640625 0.1390625
1 0.165625 0.725 0.0625 0.12578125
1 0.2421875 0.68203125 0.046875 0.10625
1 0.1953125 0.65234375 0.028125 0.04609375
1 0.203125 0.62890625 0.028125 0.0328125
1 0.19765625 0.5875 0.0234375 0.03671875
0 0.23046875 0.59453125 0.0484375 0.06328125
1 0.28671875 0.60625 0.0234375 0.0796875
1 0.32578125 0.62421875 0.0234375 0.0828125
1 0.35390625 0.5609375 0.0171875 0.05
1 0.33359375 0.55625 0.0171875 0.053125
1 0.36484375 0.5234375 0.0140625 0.04609375
1 0.37109375 0.4953125 0.0109375 0.03671875
3 0.3359375 0.5046875 0.028125 0.04296875
1 0.38515625 0.51796875 0.0171875 0.04296875
1 0.4234375 0.46484375 0.009375 0.0296875
2 0.42734375 0.4390625 0.0203125 0.05
1 0.35234375 0.48828125 0.0140625 0.03671875
3 0.4796875 0.4671875 0.021875 0.06640625
1 0.51171875 0.5328125 0.0109375 0.053125
1 0.52734375 0.54140625 0.0140625 0.05
1 0.5015625 0.46171875 0.00625 0.0296875
1 0.51328125 0.46875 0.0078125 0.0296875
1 0.4984375 0.43515625 0.00625 0.01640625
1 0.50703125 0.45 0.0078125 0.0265625
3 0.53203125 0.45 0.0109375 0.0265625
3 0.5265625 0.44375 0.009375 0.01953125
3 0.55 0.51171875 0.025 0.05625
3 0.56484375 0.49140625 0.0171875 0.03671875
1 0.55390625 0.59609375 0.0171875 0.059375
1 0.5421875 0.68046875 0.03125 0.115625
1 0.57578125 0.71484375 0.0265625 0.11953125
1 0.6125 0.71171875 0.028125 0.1125
1 0.6 0.6609375 0.01875 0.09609375
1 0.57578125 0.62109375 0.0234375 0.06953125
1 0.35859375 0.65546875 0.0203125 0.0796875
3 0.79921875 0.78515625 0.0953125 0.15859375
1 0.73046875 0.67890625 0.0390625 0.03984375
1 0.75078125 0.6921875 0.0390625 0.03984375
1 0.7125 0.6609375 0.040625 0.05
1 0.6734375 0.62109375 0.03125 0.03671875
0 0.61328125 0.62578125 0.0359375 0.06640625
0 0.628125 0.5875 0.071875 0.04296875
0 0.60546875 0.57421875 0.0515625 0.03671875
3 0.596875 0.5578125 0.06875 0.05
1 0.50390625 0.43515625 0.0046875 0.01640625
3 0.515625 0.421875 0.00625 0.01640625
3 0.503125 0.39921875 0.009375 0.0234375
