0 0.975 0.54296875 0.05 0.0359375
0 0.9390625 0.2390625 0.075 0.040625
1 0.91015625 0.47265625 0.053125 0.015625
1 0.85390625 0.50078125 0.0453125 0.015625
1 0.8375 0.4953125 0.05 0.0140625
1 0.80859375 0.496875 0.0359375 0.0125
1 0.82890625 0.47109375 0.0359375 0.0125
1 0.803125 0.52734375 0.0359375 0.0109375
1 0.80703125 0.5078125 0.03125 0.0125
1 0.85 0.47890625 0.059375 0.0171875
3 0.84375 0.43359375 0.1171875 0.040625
3 0.77578125 0.45078125 0.059375 0.0328125
1 0.7859375 0.53671875 0.0265625 0.009375
1 0.77578125 0.52734375 0.01875 0.0078125
1 0.77265625 0.51875 0.021875 0.0046875
1 0.7875 0.50859375 0.01875 0.009375
1 0.77421875 0.50546875 0.0265625 0.0109375
2 0.7171875 0.55 0.0515625 0.0171875
2 0.72734375 0.509375 0.04375 0.0328125
3 0.74453125 0.48359375 0.0375 0.021875
1 0.83515625 0.41015625 0.0421875 0.0140625
1 0.86015625 0.3421875 0.0703125 0.0390625
1 0.77421875 0.35625 0.0375 0.0140625
1 0.93359375 0.309375 0.0953125 0.034375
1 0.90703125 0.26171875 0.0859375 0.0265625
1 0.89921875 0.2765625 0.075 0.015625
1 0.87734375 0.234375 0.06875 0.0265625
0 0.81171875 0.24296875 0.078125 0.0453125
1 0.85234375 0.225 0.0453125 0.0171875
3 0.79140625 0.2140625 0.0515625 0.0265625
1 0.9078125 0.1953125 0.0375 0.0171875
