1 0.9796875 0.86640625 0.040625 0.1609375
1 0.85234375 0.6796875 0.0578125 0.1125
1 0.3625 0.87578125 0.1234375 0.1734375
1 0.4359375 0.928125 0.090625 0.14375
1 0.27421875 0.93125 0.1015625 0.1375
1 0.525 0.7703125 0.065625 0.1203125
1 0.99609375 0.746875 0.0078125 0.05625
1 0.990625 0.6703125 0.01875 0.115625
1 0.0921875 0.9515625 0.075 0.096875
0 0.1984375 0.88515625 0.2140625 0.1140625
0 0.24921875 0.809375 0.1734375 0.0890625
3 0.30859375 0.7484375 0.1875 0.1
2 0.65859375 0.58828125 0.115625 0.221875
0 0.56328125 0.64765625 0.06875 0.078125
1 0.990625 0.47109375 0.01875 0.0390625
1 0.9625 0.471875 0.0234375 0.0359375
1 0.94921875 0.46015625 0.0171875 0.034375
1 0.9390625 0.44453125 0.01875 0.0265625
1 0.73359375 0.475 0.0234375 0.0296875
2 0.978125 0.39140625 0.0296875 0.028125
1 0.5125 0.69375 0.0296875 0.0515625
1 0.54375 0.6 0.0484375 0.0546875
1 0.55625 0.565625 0.028125 0.0515625
1 0.51328125 0.5859375 0.028125 0.0453125
0 0.56640625 0.52265625 0.06875 0.03125
3 0.7484375 0.47734375 0.0171875 0.0265625
1 0.49765625 0.53359375 0.0328125 0.0375
1 0.47578125 0.63671875 0.0328125 0.0359375
