0 0.24609375 0.96484375 0.0671875 0.05
0 0.2625 0.90234375 0.059375 0.09609375
0 0.28046875 0.8578125 0.0484375 0.0796875
0 0.31328125 0.78125 0.0359375 0.07265625
0 0.3171875 0.73828125 0.028125 0.0328125
1 0.35625 0.7 0.0125 0.05625
1 0.38046875 0.68203125 0.0140625 0.053125
1 0.40234375 0.64765625 0.0109375 0.03671875
1 0.4109375 0.62734375 0.009375 0.0296875
1 0.39296875 0.62109375 0.0078125 0.0296875
1 0.34765625 0.6125 0.0078125 0.0265625
1 0.34375 0.59765625 0.00625 0.0234375
1 0.33046875 0.6109375 0.0203125 0.0234375
1 0.36171875 0.6453125 0.0171875 0.03984375
1 0.43125 0.665625 0.015625 0.04609375
1 0.378125 0.62578125 0.009375 0.0328125
1 0.36484375 0.6140625 0.0109375 0.0234375
3 0.3875 0.59921875 0.015625 0.0265625
3 0.5734375 0.778125 0.05625 0.12578125
1 0.6 0.65234375 0.015625 0.03984375
1 0.6125 0.775 0.015625 0.0796875
1 0.60859375 0.70546875 0.0140625 0.053125
1 0.61328125 0.6640625 0.0078125 0.0296875
1 0.63828125 0.78515625 0.0296875 0.0796875
1 0.65703125 0.76484375 0.0140625 0.03984375
1 0.65859375 0.71875 0.0140625 0.0265625
0 0.6953125 0.828125 0.04375 0.0796875
0 0.85234375 0.90234375 0.0890625 0.0890625
0 0.803125 0.84765625 0.096875 0.07265625
3 0.77265625 0.79296875 0.0828125 0.06953125
1 0.73046875 0.85625 0.0359375 0.0890625
1 0.796875 0.92578125 0.04375 0.12890625
3 0.8859375 0.95234375 0.084375 0.07578125
