0 0.55 0.96796875 0.165625 0.0640625
0 0.4921875 0.90625 0.1484375 0.1140625
0 0.43203125 0.8453125 0.1 0.0859375
0 0.3578125 0.76640625 0.08125 0.0734375
0 0.34375 0.71953125 0.065625 0.0546875
1 0.25703125 0.8828125 0.0859375 0.125
1 0.28515625 0.7421875 0.0515625 0.078125
1 0.23046875 0.71328125 0.05 0.0765625
1 0.290625 0.59140625 0.0265625 0.034375
1 0.2546875 0.578125 0.0234375 0.034375
1 0.17734375 0.58125 0.0296875 0.040625
1 0.140625 0.578125 0.0453125 0.040625
1 0.11640625 0.55390625 0.0265625 0.034375
1 0.1984375 0.5609375 0.028125 0.034375
1 0.23515625 0.58984375 0.0234375 0.028125
1 0.31171875 0.5640625 0.0171875 0.0234375
1 0.32421875 0.56328125 0.0171875 0.0234375
1 0.296875 0.54921875 0.0171875 0.0234375
1 0.3046875 0.58671875 0.0125 0.0328125
2 0.25 0.51328125 0.0625 0.034375
