1 0.040625 0.834375 0.078125 0.0796875
1 0.02890625 0.68046875 0.0359375 0.05625
1 0.18984375 0.60078125 0.0296875 0.04296875
1 0.4921875 0.525 0.0125 0.05
1 0.11640625 0.73828125 0.0640625 0.1390625
1 0.1765625 0.6921875 0.059375 0.1390625
1 0.25 0.640625 0.04375 0.109375
1 0.26328125 0.6953125 0.0359375 0.1125
1 0.29453125 0.56796875 0.0203125 0.07578125
1 0.2078125 0.54609375 0.01875 0.0328125
0 0.23828125 0.553125 0.0453125 0.059375
1 0.35703125 0.49140625 0.0140625 0.05
1 0.37734375 0.49140625 0.0140625 0.05
1 0.37578125 0.446875 0.0078125 0.0265625
3 0.34375 0.46328125 0.025 0.04609375
1 0.35859375 0.4453125 0.0109375 0.0296875
1 0.38828125 0.478125 0.0171875 0.04296875
1 0.43125 0.415625 0.009375 0.0296875
0 0.40625 0.39921875 0.021875 0.01640625
2 0.43828125 0.390625 0.0171875 0.04609375
2 0.43125 0.36953125 0.015625 0.0234375
1 0.4421875 0.45 0.00625 0.0328125
1 0.61484375 0.87734375 0.0484375 0.21171875
1 0.63828125 0.7484375 0.0328125 0.1453125
1 0.5734375 0.6625 0.028125 0.1125
1 0.60546875 0.59921875 0.0203125 0.0859375
1 0.54765625 0.5609375 0.0265625 0.06953125
1 0.5625 0.54765625 0.0125 0.05625
1 0.521875 0.48828125 0.0125 0.04296875
1 0.525 0.46328125 0.00625 0.0265625
3 0.471875 0.64921875 0.06875 0.23828125
0 0.79296875 0.8921875 0.1078125 0.1953125
3 0.80859375 0.728125 0.0921875 0.15234375
1 0.76875 0.6640625 0.03125 0.04296875
1 0.72265625 0.61953125 0.0296875 0.03984375
1 0.73828125 0.62578125 0.0328125 0.0328125
1 0.75234375 0.6390625 0.0328125 0.03984375
1 0.71484375 0.609375 0.0359375 0.03984375
1 0.6828125 0.57578125 0.028125 0.0328125
1 0.6703125 0.56953125 0.03125 0.0265625
1 0.66875 0.5609375 0.03125 0.0234375
0 0.61796875 0.57578125 0.0359375 0.07265625
0 0.63359375 0.53671875 0.0703125 0.04609375
0 0.61171875 0.5234375 0.0546875 0.03984375
3 0.60234375 0.50859375 0.0703125 0.06328125
3 0.55703125 0.4671875 0.0234375 0.06640625
3 0.57265625 0.4421875 0.0171875 0.04296875
3 0.56015625 0.42890625 0.0078125 0.0234375
3 0.53828125 0.40390625 0.0109375 0.0265625
3 0.534375 0.39375 0.009375 0.01953125
1 0.52578125 0.4109375 0.0078125 0.0265625
1 0.51328125 0.4125 0.0078125 0.0234375
1 0.51171875 0.40703125 0.0078125 0.0265625
3 0.51953125 0.37578125 0.0078125 0.01640625
3 0.509375 0.35234375 0.009375 0.0234375
0 0.4875 0.365625 0.00625 0.01015625
0 0.48671875 0.3578125 0.0046875 0.00625
0 0.4859375 0.34453125 0.003125 0.00625
1 0.4953125 0.35234375 0.003125 0.01015625
1 0.48984375 0.35234375 0.0015625 0.01015625
3 0.51796875 0.3609375 0.0046875 0.01328125
