0 0.50234375 0.7140625 0.0765625 0.08125
0 0.50859375 0.6734375 0.06875 0.0609375
0 0.50859375 0.64296875 0.05 0.0453125
0 0.51953125 0.5625 0.0265625 0.0171875
0 0.52109375 0.55234375 0.0265625 0.015625
0 0.528125 0.50859375 0.0328125 0.0125
1 0.503125 0.85859375 0.165625 0.0796875
1 0.52421875 0.578125 0.0734375 0.0296875
1 0.53359375 0.49375 0.05 0.03125
2 0.51796875 0.5203125 0.0328125 0.0203125
1 0.51953125 0.5359375 0.0296875 0.015625
0 0.60703125 0.11796875 0.1640625 0.2125
1 0.5875 0.28671875 0.046875 0.0296875
