3 0.453125 0.971875 0.025 0.0390625
2 0.47265625 0.90390625 0.0234375 0.08046875
2 0.453125 0.846875 0.01875 0.071875
2 0.4765625 0.80390625 0.021875 0.05859375
2 0.45546875 0.7390625 0.0203125 0.05
2 0.41796875 0.61796875 0.0140625 0.04140625
2 0.409375 0.48359375 0.00625 0.01640625
0 0.484375 0.846875 0.015625 0.028125
1 0.440625 0.771875 0.00625 0.01640625
1 0.43828125 0.72890625 0.0046875 0.0140625
1 0.4296875 0.79140625 0.009375 0.021875
1 0.43203125 0.721875 0.0078125 0.021875
1 0.41796875 0.64296875 0.0078125 0.01953125
1 0.42890625 0.63046875 0.0046875 0.0109375
0 0.43359375 0.64140625 0.0078125 0.01640625
0 0.41484375 0.5484375 0.0078125 0.0140625
3 0.40859375 0.503125 0.0078125 0.01640625
0 0.39609375 0.49453125 0.0046875 0.0109375
