1 0.03984375 0.91640625 0.0671875 0.1546875
1 0.16875 0.715625 0.046875 0.1078125
1 0.67578125 0.859375 0.1078125 0.16328125
1 0.60859375 0.9234375 0.0765625 0.14453125
1 0.77109375 0.91875 0.0859375 0.1546875
1 0.503125 0.77109375 0.053125 0.11640625
1 0.0203125 0.7984375 0.028125 0.053125
1 0.01796875 0.721875 0.0296875 0.11171875
1 0.953125 0.909375 0.065625 0.09609375
0 0.83984375 0.8515625 0.2046875 0.09375
0 0.78203125 0.78125 0.1671875 0.07109375
3 0.71640625 0.72734375 0.1796875 0.08125
2 0.3515625 0.6046875 0.09375 0.21171875
0 0.45234375 0.653125 0.0609375 0.07109375
1 0.00859375 0.5234375 0.0171875 0.03671875
1 0.03671875 0.5203125 0.0203125 0.034375
1 0.04921875 0.50703125 0.0140625 0.0328125
1 0.0578125 0.490625 0.015625 0.02421875
1 0.26484375 0.49921875 0.0203125 0.028125
2 0.01328125 0.4421875 0.0265625 0.02421875
1 0.5078125 0.69375 0.025 0.05078125
1 0.4671875 0.60390625 0.04375 0.05078125
1 0.45078125 0.57109375 0.0234375 0.05078125
1 0.49609375 0.58671875 0.0234375 0.04453125
0 0.43671875 0.5296875 0.0671875 0.02421875
3 0.25078125 0.503125 0.0140625 0.02421875
1 0.50546875 0.5328125 0.0296875 0.034375
1 0.53828125 0.63359375 0.0296875 0.0328125
