1 0.19921875 0.578125 0.3984375 0.35625
2 0.528125 0.78359375 0.94375 0.4328125
1 0.57734375 0.63046875 0.3421875 0.184375
1 0.62421875 0.428125 0.2296875 0.1359375
3 0.41015625 0.2 0.5703125 0.4
2 0.6625 0.01953125 0.071875 0.0390625
1 0.64375 0.2953125 0.10625 0.084375
3 0.55703125 0.034375 0.1890625 0.06875
3 0.65859375 0.28984375 0.103125 0.1015625
1 0.63671875 0.22109375 0.078125 0.0375
0 0.47890625 0.3453125 0.3171875 0.1984375
0 0.57890625 0.2140625 0.1359375 0.1296875
1 0.65 0.1734375 0.0625 0.0484375
