1 0.471875 0.609375 0.1375 0.24140625
1 0.66796875 0.590625 0.1546875 0.21953125
1 0.8921875 0.61953125 0.18125 0.30546875
0 0.79609375 0.59296875 0.0859375 0.0859375
1 0.76640625 0.525 0.0484375 0.05546875
1 0.59296875 0.521875 0.0421875 0.05546875
1 0.15 0.51640625 0.028125 0.0390625
1 0.18671875 0.51796875 0.0359375 0.04140625
1 0.25078125 0.52109375 0.0234375 0.053125
1 0.2859375 0.5625 0.0625 0.125
1 0.19765625 0.609375 0.0859375 0.1140625
1 0.34453125 0.528125 0.0171875 0.021875
1 0.23046875 0.5125 0.0171875 0.0359375
1 0.08828125 0.51796875 0.0296875 0.0359375
1 0.12734375 0.515625 0.0140625 0.04140625
1 0.6796875 0.525 0.025 0.05546875
