2 0.3359375 0.684375 0.1875 0.225
2 0.065625 0.80703125 0.13125 0.33046875
2 0.44921875 0.56953125 0.1578125 0.128125
2 0.71328125 0.54609375 0.0546875 0.1359375
1 0.7921875 0.61953125 0.028125 0.078125
0 0.61796875 0.540625 0.0328125 0.053125
2 0.5734375 0.46640625 0.03125 0.071875
1 0.9765625 0.65703125 0.0375 0.0859375
2 0.87734375 0.5484375 0.0265625 0.06953125
2 0.79609375 0.4984375 0.0265625 0.046875
2 0.46015625 0.4890625 0.0765625 0.0390625
2 0.44453125 0.5015625 0.0734375 0.04140625
1 0.821875 0.61640625 0.028125 0.071875
