0 0.3765625 0.45703125 0.19375 0.225
0 0.2171875 0.38359375 0.09375 0.13359375
0 0.76875 0.671875 0.453125 0.63359375
0 0.70625 0.32109375 0.1125 0.09140625
0 0.803125 0.3515625 0.096875 0.08046875
0 0.8875 0.35390625 0.08125 0.096875
0 0.96328125 0.3640625 0.0703125 0.10546875
0 0.53046875 0.440625 0.0765625 0.18046875
0 0.41015625 0.37890625 0.1265625 0.13046875
0 0.29609375 0.34453125 0.0640625 0.078125
1 0.3015625 0.29453125 0.034375 0.03359375
0 0.0875 0.33203125 0.059375 0.09140625
0 0.265625 0.3109375 0.03125 0.05546875
0 0.32734375 0.30859375 0.0328125 0.05546875
1 0.5734375 0.34453125 0.025 0.04453125
1 0.59921875 0.334375 0.0296875 0.03046875
