0 0.3875 0.4984375 0.271875 0.43046875
2 0.4703125 0.29140625 0.296875 0.38359375
2 0.21328125 0.2125 0.1140625 0.16953125
1 0.23515625 0.334375 0.0421875 0.175
1 0.7046875 0.34609375 0.075 0.246875
1 0.9015625 0.390625 0.11875 0.28046875
0 0.04609375 0.2875 0.0828125 0.103125
2 0.290625 0.2125 0.053125 0.125
1 0.8015625 0.246875 0.059375 0.071875
1 0.9625 0.34296875 0.0625 0.175
1 0.62890625 0.290625 0.0359375 0.125
1 0.74609375 0.23046875 0.0234375 0.05
1 0.65390625 0.225 0.0234375 0.0390625
1 0.97578125 0.240625 0.0359375 0.046875
