1 0.796875 0.0984375 0.175 0.121875
2 0.62265625 0.09375 0.2265625 0.1875
2 0.33046875 0.775 0.2359375 0.259375
0 0.72421875 0.753125 0.184375 0.184375
0 0.57109375 0.95859375 0.1546875 0.0828125
3 0.89609375 0.54765625 0.2078125 0.2171875
1 0.50390625 0.47265625 0.05625 0.0609375
0 0.7046875 0.25859375 0.1453125 0.178125
0 0.80546875 0.27421875 0.165625 0.2015625
3 0.49765625 0.6234375 0.16875 0.1453125
0 0.3765625 0.559375 0.121875 0.1359375
0 0.4828125 0.7609375 0.1296875 0.1078125
1 0.47421875 0.36328125 0.09375 0.0875
