1 0.6546875 0.1828125 0.3390625 0.2265625
1 0.51328125 0.2578125 0.1921875 0.115625
1 0.62578125 0.09765625 0.3078125 0.1953125
1 0.36953125 0.51796875 0.0609375 0.028125
1 0.38046875 0.4703125 0.0609375 0.03125
2 0.38125 0.41171875 0.1265625 0.0828125
2 0.309375 0.53515625 0.09375 0.046875
3 0.3609375 0.69296875 0.0640625 0.046875
2 0.31875 0.66484375 0.103125 0.0453125
2 0.29453125 0.75390625 0.0546875 0.0328125
1 0.43515625 0.84140625 0.0828125 0.0375
1 0.40546875 0.88203125 0.0765625 0.0359375
1 0.42421875 0.94453125 0.0859375 0.040625
1 0.37421875 0.8421875 0.0609375 0.0265625
2 0.32265625 0.83828125 0.0453125 0.03125
2 0.30546875 0.4359375 0.071875 0.0515625
