1 0.10546875 0.75703125 0.2109375 0.48046875
1 0.57421875 0.534375 0.0484375 0.075
1 0.72734375 0.4875 0.0421875 0.075
1 0.9046875 0.38359375 0.05625 0.0609375
1 0.78984375 0.43203125 0.0484375 0.08046875
1 0.8265625 0.396875 0.04375 0.05546875
1 0.671875 0.44296875 0.05 0.05859375
1 0.6015625 0.478125 0.034375 0.03359375
1 0.48203125 0.478125 0.0328125 0.0390625
1 0.45 0.4890625 0.025 0.028125
1 0.43125 0.49140625 0.015625 0.0390625
1 0.40859375 0.49609375 0.0171875 0.0359375
1 0.55078125 0.4734375 0.0171875 0.053125
