1 0.33203125 0.725 0.2265625 0.33359375
1 0.76171875 0.64453125 0.0703125 0.271875
1 0.6984375 0.50703125 0.059375 0.2359375
3 0.49140625 0.3515625 0.1359375 0.403125
1 0.76328125 0.39296875 0.0890625 0.23046875
1 0.66484375 0.35546875 0.0890625 0.19453125
0 0.61484375 0.11953125 0.0921875 0.15
1 0.72265625 0.115625 0.0296875 0.1140625
1 0.8015625 0.309375 0.075 0.19140625
2 0.90546875 0.61953125 0.1859375 0.74453125
3 0.296875 0.25390625 0.09375 0.2359375
0 0.21171875 0.36640625 0.1109375 0.19453125
3 0.09375 0.1109375 0.0625 0.14453125
3 0.39296875 0.2875 0.0953125 0.2359375
0 0.6625 0.2125 0.096875 0.14140625
3 0.509375 0.08046875 0.090625 0.13359375
1 0.68125 0.115625 0.0625 0.11953125
1 0.59375 0.0265625 0.053125 0.053125
1 0.403125 0.103125 0.04375 0.09453125
