1 0.29453125 0.62421875 0.3125 0.5875
0 0.5203125 0.56015625 0.259375 0.3859375
0 0.66171875 0.559375 0.346875 0.3546875
3 0.80078125 0.78046875 0.3765625 0.4390625
0 0.1703125 0.3796875 0.1625 0.2203125
1 0.6078125 0.36171875 0.0828125 0.0953125
1 0.82265625 0.490625 0.1703125 0.23125
1 0.48359375 0.3515625 0.109375 0.11875
1 0.38828125 0.321875 0.08125 0.1140625
1 0.45234375 0.3203125 0.04375 0.0796875
1 0.2875 0.26953125 0.03125 0.05
1 0.328125 0.27265625 0.0375 0.05
0 0.2453125 0.31796875 0.0890625 0.103125
1 0.39296875 0.3265625 0.0609375 0.103125
1 0.24609375 0.25859375 0.0265625 0.05
1 0.31171875 0.2703125 0.025 0.0421875
0 0.196875 0.2734375 0.059375 0.065625
1 0.20859375 0.2484375 0.0390625 0.0390625
3 0.43671875 0.31796875 0.0640625 0.096875
0 0.159375 0.24140625 0.034375 0.0328125
0 0.13984375 0.290625 0.0734375 0.09375
2 0.18203125 0.2140625 0.034375 0.053125
3 0.14921875 0.196875 0.0515625 0.0796875
2 0.11484375 0.19765625 0.0375 0.05
