1 0.8078125 0.5703125 0.0984375 0.2359375
2 0.56484375 0.2078125 0.165625 0.175
2 0.31171875 0.26484375 0.1625 0.20625
1 0.49375 0.45078125 0.0953125 0.175
1 0.53515625 0.59921875 0.1078125 0.2890625
1 0.56171875 0.3859375 0.0671875 0.1390625
0 0.80546875 0.46953125 0.225 0.2234375
1 0.428125 0.29609375 0.0421875 0.0671875
1 0.834375 0.8546875 0.2 0.290625
1 0.75390625 0.25859375 0.084375 0.1109375
2 0.125 0.1421875 0.065625 0.0765625
2 0.1796875 0.13515625 0.0609375 0.0640625
0 0.43125 0.40078125 0.109375 0.1625
3 0.4171875 0.26015625 0.103125 0.128125
1 0.1265625 0.4140625 0.1078125 0.159375
1 0.6078125 0.90703125 0.171875 0.1859375
1 0.53046875 0.87265625 0.1703125 0.2546875
1 0.48671875 0.80703125 0.178125 0.334375
1 0.40390625 0.76015625 0.15 0.296875
1 0.3734375 0.70390625 0.1578125 0.278125
1 0.24765625 0.52734375 0.1265625 0.16875
1 0.30390625 0.53828125 0.109375 0.125
1 0.18203125 0.4796875 0.1078125 0.203125
1 0.9703125 0.37734375 0.059375 0.1390625
