1 0.421875 0.1078125 0.109375 0.0359375
1 0.40234375 0.16484375 0.121875 0.034375
1 0.40703125 0.19453125 0.109375 0.025
3 0.409375 0.30546875 0.053125 0.0375
1 0.40234375 0.3359375 0.05625 0.0234375
1 0.39609375 0.37265625 0.059375 0.015625
1 0.375 0.4234375 0.0859375 0.034375
1 0.37265625 0.4484375 0.075 0.01875
1 0.34296875 0.49140625 0.053125 0.034375
1 0.42421875 0.234375 0.040625 0.015625
1 0.42734375 0.22109375 0.040625 0.0109375
1 0.4296875 0.21171875 0.0359375 0.0078125
1 0.440625 0.134375 0.0390625 0.0171875
1 0.396875 0.40078125 0.040625 0.0109375
1 0.275 0.74609375 0.115625 0.0484375
