0 0.22265625 0.6265625 0.2703125 0.246875
0 0.35625 0.41875 0.225 0.196875
1 0.5421875 0.42890625 0.1640625 0.1234375
1 0.4625 0.54375 0.2078125 0.1375
1 0.47578125 0.7109375 0.184375 0.1234375
1 0.3765625 0.78671875 0.13125 0.09375
1 0.37421875 0.70078125 0.1984375 0.1375
1 0.3296875 0.15078125 0.184375 0.121875
1 0.140625 0.190625 0.246875 0.1296875
0 0.65546875 0.06015625 0.1484375 0.1203125
1 0.6921875 0.12734375 0.1484375 0.1015625
1 0.7671875 0.16484375 0.1078125 0.0703125
1 0.78984375 0.2140625 0.1015625 0.0625
3 0.43828125 0.065625 0.2078125 0.13125
1 0.5390625 0.62734375 0.0984375 0.065625
