0 0.565625 0.65625 0.38984375 0.1375
1 0.40078125 0.54765625 0.06875 0.0671875
0 0.784375 0.57109375 0.23515625 0.0828125
0 0.334375 0.5328125 0.06484375 0.0375
1 0.28828125 0.57890625 0.05625 0.0515625
1 0.19296875 0.53125 0.05625 0.05
0 0.234375 0.52578125 0.03125 0.0328125
1 0.11484375 0.51015625 0.01640625 0.0203125
0 0.159375 0.51328125 0.02265625 0.0171875
1 0.140625 0.51796875 0.01484375 0.0109375
2 0.33359375 0.50390625 0.03359375 0.0140625
0 0.275 0.509375 0.0125 0.009375
3 0.15703125 0.5015625 0.01875 0.009375
