1 0.19375 0.85390625 0.209375 0.2859375
1 0.35703125 0.23203125 0.0828125 0.1640625
2 0.86796875 0.184375 0.1296875 0.175
2 0.59765625 0.3234375 0.2765625 0.28046875
1 0.515625 0.6890625 0.140625 0.271875
1 0.36796875 0.68046875 0.1609375 0.3390625
2 0.87109375 0.065625 0.0671875 0.06953125
2 0.4078125 0.16796875 0.190625 0.203125
1 0.07890625 0.3140625 0.0953125 0.16640625
1 0.63046875 0.509375 0.1015625 0.21953125
1 0.88203125 0.421875 0.1421875 0.09453125
1 0.7203125 0.45703125 0.078125 0.19140625
1 0.77734375 0.41953125 0.0359375 0.18359375
1 0.9015625 0.60859375 0.078125 0.2609375
1 0.81640625 0.71953125 0.0984375 0.2
1 0.58046875 0.89140625 0.1234375 0.2109375
1 0.425 0.90703125 0.203125 0.175
1 0.671875 0.715625 0.1875 0.175
1 0.4734375 0.51953125 0.090625 0.178125
1 0.346875 0.59609375 0.146875 0.29140625
1 0.12734375 0.24296875 0.0640625 0.14140625
1 0.8171875 0.08203125 0.021875 0.046875
1 0.984375 0.23359375 0.028125 0.05546875
1 0.95546875 0.21953125 0.0296875 0.05546875
2 0.9390625 0.13203125 0.11875 0.13046875
1 0.53671875 0.51640625 0.1203125 0.11640625
1 0.79453125 0.37890625 0.0546875 0.1640625
1 0.9671875 0.4765625 0.05 0.096875
