1 0.87890625 0.6171875 0.109375 0.1125
1 0.8140625 0.53671875 0.065625 0.075
1 0.75078125 0.53359375 0.078125 0.084375
1 0.97265625 0.56953125 0.0390625 0.0609375
1 0.70546875 0.5140625 0.046875 0.0625
1 0.64375 0.4984375 0.0578125 0.059375
1 0.5953125 0.48828125 0.053125 0.0625
1 0.56328125 0.48046875 0.040625 0.0578125
1 0.53359375 0.4796875 0.053125 0.06875
0 0.47890625 0.48046875 0.084375 0.0859375
0 0.42421875 0.45234375 0.05625 0.06875
1 0.39140625 0.45859375 0.0421875 0.0421875
1 0.32265625 0.41015625 0.034375 0.0234375
1 0.35390625 0.4265625 0.0375 0.0453125
0 0.24765625 0.48125 0.2390625 0.1875
