1 0.4109375 0.92578125 0.09375 0.04375
1 0.43515625 0.8578125 0.1625 0.121875
1 0.4703125 0.51875 0.059375 0.0515625
1 0.4578125 0.5921875 0.059375 0.053125
1 0.434375 0.6578125 0.04375 0.0296875
1 0.4265625 0.67265625 0.0421875 0.025
1 0.540625 0.2984375 0.1140625 0.05625
2 0.48125 0.38984375 0.1359375 0.1640625
1 0.56875 0.190625 0.09375 0.05625
1 0.54921875 0.2484375 0.04375 0.0421875
1 0.53984375 0.21796875 0.0625 0.025
1 0.5203125 0.26796875 0.0421875 0.021875
1 0.55625 0.07265625 0.0515625 0.04375
1 0.71171875 0.07109375 0.15 0.0734375
1 0.54375 0.146875 0.040625 0.01875
