1 0.18828125 0.5484375 0.0828125 0.23046875
2 0.45546875 0.20390625 0.1546875 0.1640625
2 0.70390625 0.27890625 0.1484375 0.196875
1 0.509375 0.4515625 0.084375 0.16953125
1 0.4578125 0.596875 0.0875 0.28359375
1 0.44609375 0.38203125 0.0578125 0.1359375
0 0.19765625 0.4484375 0.2109375 0.20859375
1 0.5859375 0.3015625 0.0375 0.0640625
1 0.13984375 0.84453125 0.1796875 0.30546875
1 0.26328125 0.24140625 0.0765625 0.10546875
2 0.89921875 0.16953125 0.0609375 0.071875
2 0.8453125 0.15859375 0.05625 0.0609375
0 0.57578125 0.40546875 0.0984375 0.15546875
3 0.59921875 0.26640625 0.0953125 0.121875
1 0.878125 0.440625 0.096875 0.153125
1 0.3640625 0.90390625 0.159375 0.1859375
1 0.44375 0.871875 0.153125 0.25
1 0.4921875 0.80703125 0.15625 0.325
1 0.57734375 0.76640625 0.1296875 0.2890625
1 0.61171875 0.7125 0.1390625 0.26953125
1 0.75 0.54453125 0.115625 0.1609375
1 0.69296875 0.5515625 0.1015625 0.11953125
1 0.81875 0.5015625 0.09375 0.196875
1 0.0328125 0.34453125 0.0625 0.13359375
