2 0.34140625 0.265625 0.3234375 0.49140625
1 0.55859375 0.3515625 0.1015625 0.23046875
1 0.85625 0.46640625 0.2 0.4109375
3 0.03515625 0.2515625 0.0703125 0.125
3 0.1484375 0.22109375 0.05 0.11953125
1 0.64375 0.240625 0.028125 0.075
1 0.959375 0.4125 0.078125 0.2640625
0 0.071875 0.23046875 0.03125 0.05546875
1 0.56640625 0.23046875 0.0296875 0.05
1 0.59921875 0.2234375 0.0265625 0.04140625
1 0.60625 0.334375 0.078125 0.19140625
1 0.796875 0.240625 0.0375 0.053125
1 0.671875 0.221875 0.01875 0.028125
1 0.74296875 0.30703125 0.0421875 0.14140625
