1 0.6953125 0.34921875 0.5765625 0.34375
1 0.3671875 0.41640625 0.0921875 0.0703125
0 0.54296875 0.63515625 0.3453125 0.3890625
0 0.503125 0.91171875 0.3 0.1765625
0 0.40625 0.7921875 0.165625 0.2640625
0 0.49765625 0.0765625 0.1703125 0.153125
3 0.35390625 0.36953125 0.1078125 0.0953125
1 0.3421875 0.58203125 0.05 0.0296875
1 0.340625 0.5640625 0.0546875 0.021875
0 0.321875 0.728125 0.0703125 0.103125
1 0.3453125 0.49921875 0.0484375 0.0265625
0 0.41953125 0.13671875 0.075 0.06875
0 0.465625 0.0109375 0.090625 0.021875
0 0.41640625 0.02265625 0.0703125 0.0453125
