0 0.86484375 0.50390625 0.1171875 0.16953125
1 0.83125 0.42890625 0.075 0.0859375
1 0.71328125 0.446875 0.0296875 0.09453125
1 0.62890625 0.4359375 0.0234375 0.078125
1 0.76875 0.409375 0.04375 0.053125
1 0.88984375 0.40390625 0.0421875 0.053125
1 0.5796875 0.40859375 0.03125 0.0390625
0 0.353125 0.51640625 0.240625 0.20546875
0 0.14296875 0.57890625 0.2859375 0.303125
1 0.49375 0.41953125 0.0375 0.05
1 0.46328125 0.4125 0.0234375 0.0359375
1 0.43359375 0.4109375 0.0234375 0.03359375
1 0.728125 0.4125 0.01875 0.05859375
