2 0.55234375 0.85 0.19375 0.146875
1 0.509375 0.65859375 0.05 0.0296875
1 0.509375 0.6765625 0.05 0.0296875
1 0.5171875 0.59609375 0.075 0.0640625
2 0.49453125 0.52734375 0.1203125 0.065625
0 0.51875 0.453125 0.0703125 0.0765625
0 0.503125 0.23984375 0.06875 0.0984375
1 0.48359375 0.27109375 0.034375 0.034375
1 0.53125 0.06640625 0.15625 0.0796875
1 0.53515625 0.02109375 0.1890625 0.0421875
1 0.471875 0.0328125 0.0421875 0.0234375
0 0.4984375 0.128125 0.04375 0.0390625
1 0.47421875 0.134375 0.03125 0.03125
1 0.48671875 0.15859375 0.0265625 0.0203125
1 0.53984375 0.98984375 0.0484375 0.0203125
1 0.51796875 0.63828125 0.0609375 0.0234375
