1 0.409375 0.67890625 0.109375 0.19140625
0 0.58671875 0.60703125 0.1296875 0.16953125
1 0.51953125 0.51796875 0.0828125 0.146875
3 0.63203125 0.459375 0.1046875 0.153125
3 0.74765625 0.409375 0.0796875 0.125
2 0.66640625 0.34296875 0.1046875 0.15859375
2 0.478125 0.39453125 0.215625 0.34453125
0 0.1046875 0.39140625 0.096875 0.09453125
0 0.88828125 0.4609375 0.0703125 0.121875
0 0.96953125 0.4734375 0.0578125 0.125
1 0.75390625 0.240625 0.0265625 0.046875
0 0.0359375 0.4109375 0.071875 0.0890625
1 0.73671875 0.484375 0.0296875 0.096875
