0 0.37265625 0.4703125 0.215625 0.24375
0 0.20625 0.4140625 0.1078125 0.14375
0 0.76328125 0.6421875 0.4734375 0.678125
0 0.68671875 0.30078125 0.121875 0.1015625
0 0.7859375 0.3203125 0.1046875 0.090625
0 0.8703125 0.3140625 0.090625 0.1046875
0 0.946875 0.31640625 0.08125 0.1125
0 0.52421875 0.4375 0.0953125 0.1875
0 0.39765625 0.3890625 0.1390625 0.14375
0 0.28125 0.36640625 0.071875 0.084375
1 0.28125 0.31640625 0.0375 0.0375
0 0.071875 0.37578125 0.06875 0.096875
0 0.246875 0.33671875 0.0375 0.059375
0 0.30859375 0.32734375 0.0390625 0.059375
1 0.55703125 0.3375 0.0296875 0.046875
1 0.58125 0.325 0.0328125 0.034375
