1 0.934375 0.47109375 0.03125 0.09140625
1 0.86328125 0.4859375 0.1015625 0.15
1 0.52265625 0.4734375 0.0453125 0.053125
1 0.596875 0.47109375 0.046875 0.053125
1 0.665625 0.45703125 0.025 0.04140625
1 0.68125 0.4515625 0.01875 0.04140625
1 0.29453125 0.5125 0.0421875 0.10859375
2 0.39375 0.46640625 0.15 0.11640625
1 0.184375 0.525 0.04375 0.0890625
1 0.24375 0.5140625 0.0375 0.0390625
1 0.21484375 0.5 0.0171875 0.0609375
1 0.2671875 0.4875 0.015625 0.04140625
1 0.06875 0.49609375 0.0375 0.046875
1 0.04609375 0.65 0.0546875 0.14453125
1 0.14453125 0.49453125 0.0140625 0.0390625
