1 0.7078125 0.3265625 0.04375 0.0875
1 0.57109375 0.2875 0.0359375 0.0734375
1 0.54296875 0.24375 0.03125 0.065625
1 0.3828125 0.3328125 0.053125 0.084375
1 0.36640625 0.38515625 0.040625 0.0953125
2 0.13828125 0.57265625 0.225 0.3921875
2 0.09609375 0.4578125 0.1921875 0.31875
2 0.4734375 0.2578125 0.109375 0.1359375
2 0.4296875 0.22421875 0.0828125 0.121875
2 0.55859375 0.16484375 0.0375 0.0828125
2 0.540625 0.1015625 0.0234375 0.0484375
2 0.47734375 0.17421875 0.0859375 0.06875
0 0.609375 0.24375 0.0328125 0.0515625
0 0.60546875 0.19765625 0.028125 0.0375
0 0.7296875 0.24140625 0.0359375 0.065625
2 0.78828125 0.17578125 0.03125 0.0578125
2 0.68125 0.171875 0.0453125 0.0921875
1 0.96953125 0.33203125 0.040625 0.0921875
1 0.91171875 0.5390625 0.0671875 0.1640625
1 0.86171875 0.43828125 0.0453125 0.1203125
1 0.971875 0.55 0.05625 0.16875
1 0.7703125 0.25625 0.028125 0.0703125
1 0.81484375 0.25390625 0.0296875 0.0703125
