2 0.48515625 0.4515625 0.1046875 0.24140625
2 0.72265625 0.390625 0.0734375 0.196875
1 0.71484375 0.64453125 0.0703125 0.171875
2 0.84765625 0.65546875 0.2109375 0.46640625
1 0.83984375 0.4359375 0.0328125 0.071875
1 0.95625 0.425 0.05625 0.09453125
1 0.3453125 0.59453125 0.053125 0.14453125
2 0.2203125 0.48046875 0.14375 0.23359375
2 0.08046875 0.52890625 0.1609375 0.303125
0 0.57578125 0.30546875 0.0296875 0.05
0 0.57578125 0.25859375 0.0265625 0.03359375
1 0.77109375 0.315625 0.0203125 0.05859375
2 0.84140625 0.296875 0.0296875 0.06640625
2 0.76171875 0.25 0.0265625 0.05546875
1 0.74921875 0.2734375 0.0203125 0.053125
1 0.45390625 0.3359375 0.0328125 0.0609375
2 0.4109375 0.30859375 0.078125 0.11640625
2 0.43828125 0.2375 0.0453125 0.06953125
2 0.5484375 0.225 0.028125 0.06640625
1 0.36015625 0.325 0.0265625 0.05546875
