0 0.37734375 0.6125 0.221875 0.184375
2 0.44609375 0.43203125 0.3921875 0.3671875
1 0.3578125 0.19140625 0.246875 0.1828125
2 0.71953125 0.61015625 0.153125 0.1421875
1 0.16640625 0.5015625 0.3328125 0.18125
1 0.546875 0.66796875 0.1546875 0.096875
1 0.62890625 0.7578125 0.115625 0.078125
1 0.4421875 0.759375 0.21875 0.11875
3 0.65390625 0.6765625 0.11875 0.1125
2 0.7453125 0.88828125 0.1015625 0.0859375
2 0.74765625 0.94609375 0.0953125 0.0671875
1 0.103125 0.31796875 0.20625 0.1578125
1 0.08671875 0.6046875 0.1640625 0.15625
1 0.14296875 0.653125 0.2671875 0.1765625
1 0.159375 0.72421875 0.2828125 0.1796875
1 0.203125 0.753125 0.3296875 0.1765625
1 0.340625 0.8328125 0.178125 0.1171875
1 0.4625 0.96484375 0.121875 0.0703125
1 0.41328125 0.9078125 0.1078125 0.125
1 0.36796875 0.88828125 0.10625 0.1265625
1 0.60546875 0.85 0.134375 0.0578125
1 0.63828125 0.8234375 0.1078125 0.0546875
1 0.62734375 0.96640625 0.13125 0.0546875
2 0.58828125 0.09296875 0.1546875 0.1859375
1 0.61484375 0.30625 0.10625 0.05
1 0.7078125 0.51171875 0.075 0.0375
1 0.65078125 0.346875 0.071875 0.0359375
