1 0.9546875 0.53359375 0.0375 0.078125
1 0.9265625 0.546875 0.028125 0.0890625
1 0.87890625 0.5625 0.0265625 0.103125
1 0.83359375 0.5765625 0.0265625 0.10859375
3 0.8546875 0.54296875 0.015625 0.03046875
1 0.81328125 0.5609375 0.0140625 0.04453125
1 0.47578125 0.66796875 0.0453125 0.13046875
3 0.603125 0.6234375 0.075 0.096875
1 0.77890625 0.57109375 0.0234375 0.05859375
1 0.39765625 0.6890625 0.0390625 0.10546875
1 0.29921875 0.72890625 0.0703125 0.14140625
1 0.35234375 0.66796875 0.0296875 0.0640625
