2 0.46796875 0.3578125 0.2 0.2875
2 0.7609375 0.6875 0.3890625 0.440625
1 0.503125 0.5609375 0.096875 0.1515625
1 0.60234375 0.86484375 0.1734375 0.259375
1 0.59921875 0.728125 0.1390625 0.1640625
1 0.39765625 0.5421875 0.1 0.1421875
0 0.1484375 0.4328125 0.0875 0.1265625
0 0.05859375 0.4421875 0.0921875 0.1453125
0 0.05546875 0.8265625 0.1109375 0.203125
1 0.33203125 0.33984375 0.05 0.0703125
3 0.31015625 0.4453125 0.096875 0.1578125
0 0.9265625 0.49609375 0.115625 0.109375
2 0.3015625 0.26015625 0.0890625 0.1078125
1 0.2390625 0.2578125 0.021875 0.0484375
