1 0.0453125 0.70703125 0.090625 0.15859375
2 0.0765625 0.5359375 0.15 0.2
2 0.80390625 0.39140625 0.2234375 0.19453125
0 0.70078125 0.771875 0.1546875 0.15546875
0 0.95078125 0.66953125 0.0921875 0.1390625
3 0.46328125 0.90390625 0.1828125 0.1859375
1 0.47265625 0.4984375 0.0515625 0.046875
0 0.22109375 0.65 0.1578125 0.11640625
0 0.215625 0.7515625 0.178125 0.13046875
3 0.62109375 0.5234375 0.1171875 0.146875
0 0.58359375 0.39140625 0.1171875 0.1
0 0.75859375 0.5375 0.0859375 0.1140625
1 0.371875 0.44609375 0.071875 0.08046875
