1 0.89375 0.57109375 0.034375 0.10859375
1 0.83671875 0.59140625 0.0328125 0.121875
1 0.80703125 0.5875 0.0234375 0.10859375
3 0.69609375 0.5875 0.0359375 0.053125
1 0.665625 0.59453125 0.021875 0.05546875
1 0.62890625 0.6015625 0.0140625 0.05859375
1 0.57890625 0.6234375 0.0328125 0.0859375
1 0.55390625 0.6265625 0.0171875 0.075
1 0.51171875 0.65703125 0.0328125 0.053125
1 0.7671875 0.57109375 0.015625 0.04140625
1 0.78046875 0.56796875 0.0109375 0.04140625
1 0.78984375 0.565625 0.0078125 0.0359375
1 0.86640625 0.553125 0.0171875 0.0390625
1 0.60078125 0.6015625 0.0109375 0.04140625
1 0.2578125 0.72890625 0.046875 0.1140625
