1 0.36640625 0.88125 0.2109375 0.215625
1 0.7390625 0.7765625 0.16875 0.20625
1 0.93046875 0.890625 0.12421875 0.215625
1 0.49609375 0.70234375 0.14765625 0.1546875
1 0.6421875 0.5734375 0.10546875 0.125
1 0.36640625 0.65 0.121875 0.13125
1 0.325 0.7578125 0.13828125 0.14375
1 0.47265625 0.47265625 0.07734375 0.0921875
1 0.3859375 0.478125 0.08671875 0.0875
1 0.43046875 0.56484375 0.10078125 0.1046875
1 0.534375 0.58125 0.10078125 0.109375
1 0.5390625 0.4734375 0.06796875 0.0875
1 0.9328125 0.5703125 0.09140625 0.053125
1 0.90390625 0.775 0.1359375 0.159375
