0 0.41953125 0.5625 0.0828125 0.13046875
0 0.31484375 0.76953125 0.1265625 0.19453125
1 0.57578125 0.7875 0.0546875 0.19140625
1 0.48828125 0.740625 0.0796875 0.203125
1 0.65078125 0.70859375 0.0453125 0.178125
2 0.64140625 0.4 0.0796875 0.21640625
3 0.62890625 0.50859375 0.0703125 0.1609375
0 0.68984375 0.8875 0.1515625 0.2140625
1 0.4359375 0.4625 0.05 0.103125
1 0.72578125 0.759375 0.0421875 0.146875
2 0.54765625 0.2984375 0.0734375 0.1359375
0 0.4375 0.365625 0.046875 0.0640625
0 0.65859375 0.61953125 0.0921875 0.15
1 0.71953125 0.4390625 0.0265625 0.1
3 0.5296875 0.46796875 0.1 0.203125
0 0.0453125 0.6734375 0.090625 0.15859375
1 0.70078125 0.421875 0.0234375 0.1
1 0.69296875 0.284375 0.0234375 0.06953125
1 0.58984375 0.3015625 0.0203125 0.0640625
2 0.61953125 0.165625 0.0328125 0.0640625
2 0.56953125 0.15859375 0.0359375 0.05
