1 0.6703125 0.678125 0.2875 0.55
1 0.56953125 0.359375 0.0609375 0.0859375
0 0.3703125 0.55703125 0.359375 0.30859375
0 0.08203125 0.546875 0.1640625 0.28359375
0 0.2 0.4375 0.25 0.14140625
0 0.92109375 0.453125 0.1390625 0.15546875
3 0.61484375 0.34140625 0.0859375 0.1
1 0.4015625 0.3515625 0.025 0.046875
1 0.41953125 0.3484375 0.0171875 0.053125
0 0.2546875 0.346875 0.096875 0.0609375
1 0.484375 0.34609375 0.021875 0.046875
0 0.853125 0.38203125 0.0625 0.06953125
0 0.9875 0.4140625 0.021875 0.0890625
0 0.97109375 0.36640625 0.0515625 0.06640625
