0 0.4140625 0.1453125 0.190625 0.1515625
1 0.49453125 0.1609375 0.1 0.0921875
1 0.50390625 0.28046875 0.0984375 0.05
1 0.53359375 0.36015625 0.08125 0.040625
1 0.528125 0.21796875 0.0609375 0.0546875
1 0.50625 0.0984375 0.0609375 0.053125
1 0.57109375 0.4015625 0.0453125 0.0390625
0 0.5171875 0.646875 0.2546875 0.28125
0 0.503125 0.84609375 0.359375 0.3078125
1 0.5796875 0.48828125 0.0578125 0.0484375
1 0.59375 0.51640625 0.040625 0.03125
1 0.6015625 0.54453125 0.0390625 0.03125
1 0.53359375 0.2578125 0.0625 0.03125
