1 0.2390625 0.8890625 0.478125 0.21875
1 0.4671875 0.425 0.0765625 0.05
1 0.51640625 0.27265625 0.075 0.04375
1 0.6234375 0.09765625 0.0625 0.0578125
1 0.57265625 0.21171875 0.0828125 0.05
1 0.60859375 0.175 0.05625 0.0453125
1 0.56015625 0.32890625 0.0609375 0.0515625
1 0.5234375 0.39921875 0.034375 0.034375
1 0.521875 0.51796875 0.0390625 0.0328125
1 0.51015625 0.55 0.028125 0.025
1 0.50703125 0.56875 0.0390625 0.015625
1 0.50234375 0.59140625 0.0359375 0.0171875
1 0.52734375 0.45 0.053125 0.01875
