1 0.74609375 0.36484375 0.3625 0.2703125
1 0.60703125 0.77890625 0.2796875 0.1078125
1 0.4796875 0.69765625 0.2421875 0.0921875
3 0.35390625 0.47109375 0.41875 0.190625
1 0.35703125 0.74609375 0.240625 0.1203125
1 0.33359375 0.64296875 0.2046875 0.115625
0 0.10703125 0.5609375 0.1609375 0.1125
1 0.08828125 0.6671875 0.1171875 0.0453125
1 0.26953125 0.771875 0.1984375 0.1015625
2 0.5609375 0.88671875 0.7625 0.2265625
3 0.284375 0.26484375 0.246875 0.125
0 0.4078125 0.19609375 0.2078125 0.1375
3 0.17109375 0.04375 0.1515625 0.08125
3 0.3046875 0.3640625 0.246875 0.1265625
0 0.19296875 0.62109375 0.153125 0.115625
3 0.08359375 0.45078125 0.1453125 0.1078125
1 0.09375 0.62578125 0.1265625 0.078125
1 0.0234375 0.5265625 0.046875 0.059375
1 0.1203125 0.34921875 0.0984375 0.05625
