1 0.52890625 0.23828125 0.08125 0.0859375
1 0.5203125 0.31328125 0.04375 0.046875
1 0.51640625 0.34921875 0.0421875 0.0421875
0 0.4984375 0.43046875 0.03125 0.05
0 0.49296875 0.47734375 0.025 0.04375
0 0.46171875 0.65703125 0.0265625 0.0421875
1 0.47734375 0.56328125 0.028125 0.0265625
3 0.43984375 0.75625 0.0515625 0.08125
3 0.41875 0.871875 0.0625 0.0859375
1 0.428125 0.815625 0.034375 0.0296875
1 0.39140625 0.97265625 0.0734375 0.0421875
1 0.45078125 0.71015625 0.0328125 0.0234375
3 0.5125 0.384375 0.03125 0.0421875
