1 0.50703125 0.81796875 0.2828125 0.35859375
2 0.840625 0.4984375 0.3125 0.996875
1 0.64453125 0.45390625 0.1140625 0.325
1 0.4578125 0.3625 0.090625 0.2140625
3 0.17890625 0.51796875 0.3109375 0.5140625
2 0.05078125 0.22890625 0.0640625 0.05859375
1 0.3328125 0.3140625 0.065625 0.09453125
3 0.0421875 0.3359375 0.065625 0.178125
3 0.33125 0.2984375 0.084375 0.0859375
1 0.259375 0.30390625 0.021875 0.075
0 0.34453125 0.4859375 0.1359375 0.29453125
0 0.2390625 0.35859375 0.10625 0.11640625
1 0.215625 0.28046875 0.0375 0.05546875
