2 0.55625 0.365625 0.15625 0.2640625
2 0.21015625 0.6390625 0.3265625 0.3890625
1 0.48671875 0.559375 0.0734375 0.14140625
1 0.3359375 0.84140625 0.134375 0.2390625
1 0.3625 0.70703125 0.115625 0.146875
1 0.59375 0.559375 0.078125 0.13046875
0 0.8578125 0.49453125 0.06875 0.11640625
0 0.94453125 0.51953125 0.0703125 0.13359375
0 0.91796875 0.90546875 0.1578125 0.178125
1 0.69296875 0.37109375 0.0390625 0.0640625
3 0.696875 0.47890625 0.071875 0.146875
0 0.08046875 0.421875 0.1015625 0.09453125
2 0.73671875 0.2984375 0.0734375 0.096875
1 0.79921875 0.30703125 0.0140625 0.046875
