1 0.8875 0.41328125 0.225 0.2359375
1 0.7453125 0.77109375 0.225 0.1921875
1 0.83515625 0.95 0.2296875 0.1
1 0.7015625 0.52109375 0.171875 0.1640625
1 0.55546875 0.65 0.1375 0.1203125
1 0.66484375 0.3859375 0.1453125 0.1375
1 0.77734375 0.3578125 0.159375 0.1546875
1 0.4765625 0.46953125 0.1015625 0.0890625
1 0.4921875 0.384375 0.096875 0.096875
1 0.57265625 0.4390625 0.115625 0.1125
1 0.5765625 0.54375 0.1203125 0.1125
1 0.46875 0.53515625 0.0953125 0.078125
1 0.5171875 0.93828125 0.0640625 0.096875
1 0.7234375 0.928125 0.175 0.14375
