1 0.940625 0.4984375 0.090625 0.2640625
0 0.72421875 0.453125 0.1046875 0.05546875
0 0.52421875 0.496875 0.0578125 0.0890625
0 0.48671875 0.4734375 0.0359375 0.0640625
1 0.56796875 0.45546875 0.0421875 0.06640625
1 0.6 0.45859375 0.01875 0.0390625
1 0.65859375 0.4375 0.0265625 0.053125
1 0.78671875 0.4265625 0.0453125 0.046875
1 0.8484375 0.4265625 0.053125 0.05859375
1 0.45 0.4609375 0.03125 0.05
1 0.36875 0.45859375 0.034375 0.0390625
1 0.3359375 0.45546875 0.028125 0.028125
0 0.21640625 0.66953125 0.4328125 0.38359375
