1 0.44453125 0.0625 0.2734375 0.121875
0 0.42578125 0.2828125 0.06875 0.1109375
0 0.49375 0.4765625 0.0953125 0.06875
0 0.475 0.51640625 0.0671875 0.04375
1 0.44765625 0.43828125 0.0703125 0.05
1 0.446875 0.40546875 0.040625 0.0234375
1 0.41875 0.35 0.05625 0.0328125
1 0.3921875 0.22421875 0.0515625 0.05
1 0.384375 0.16328125 0.065625 0.059375
1 0.4671875 0.5546875 0.053125 0.0375
1 0.475 0.63515625 0.0421875 0.0390625
1 0.47578125 0.66796875 0.03125 0.03125
0 0.703125 0.7609375 0.434375 0.4765625
