0 0.453125 0.14609375 0.228125 0.209375
0 0.490625 0.575 0.25625 0.3734375
3 0.4140625 0.77890625 0.265625 0.33125
1 0.3875 0.02109375 0.16875 0.0390625
1 0.33828125 0.86796875 0.115625 0.0875
1 0.3125 0.50234375 0.040625 0.0234375
1 0.30703125 0.56953125 0.05 0.015625
1 0.3109375 0.590625 0.040625 0.01875
2 0.38515625 0.29609375 0.21875 0.215625
0 0.33046875 0.0890625 0.115625 0.1046875
0 0.7546875 0.72421875 0.490625 0.5328125
0 0.3046875 0.15 0.0515625 0.0484375
0 0.36875 0.4578125 0.0921875 0.1375
