1 0.3140625 0.6515625 0.2375 0.55859375
0 0.52890625 0.55703125 0.2109375 0.35859375
0 0.66875 0.5359375 0.30625 0.31640625
3 0.83984375 0.759375 0.3171875 0.446875
0 0.15703125 0.4265625 0.1359375 0.203125
1 0.5875 0.3484375 0.071875 0.0859375
1 0.81796875 0.44609375 0.1421875 0.2140625
1 0.46328125 0.35546875 0.0953125 0.10546875
1 0.36484375 0.3390625 0.0671875 0.10546875
1 0.428125 0.32890625 0.034375 0.075
1 0.2578125 0.3015625 0.025 0.046875
1 0.2984375 0.2984375 0.03125 0.046875
0 0.22265625 0.35546875 0.0765625 0.09453125
1 0.36953125 0.34296875 0.0484375 0.096875
1 0.21484375 0.29609375 0.0203125 0.046875
1 0.28125 0.2984375 0.01875 0.04140625
0 0.16796875 0.31796875 0.0515625 0.05859375
1 0.1765625 0.29140625 0.034375 0.03359375
3 0.41171875 0.32890625 0.0515625 0.09140625
0 0.1265625 0.29140625 0.03125 0.028125
0 0.1140625 0.34296875 0.0625 0.0859375
2 0.1453125 0.2609375 0.028125 0.05
3 0.11015625 0.2484375 0.0421875 0.075
2 0.0765625 0.25390625 0.03125 0.046875
