0 0.5015625 0.3875 0.43125 0.271875
2 0.70859375 0.4703125 0.384375 0.296875
2 0.7875 0.21328125 0.16875 0.1140625
1 0.665625 0.23515625 0.175 0.0421875
1 0.65390625 0.7046875 0.246875 0.075
1 0.609375 0.9015625 0.28125 0.11875
0 0.7125 0.04609375 0.103125 0.0828125
2 0.7875 0.290625 0.125 0.053125
1 0.753125 0.8015625 0.071875 0.059375
1 0.65703125 0.9625 0.175 0.0625
1 0.709375 0.62890625 0.125 0.0359375
1 0.76953125 0.74609375 0.05 0.0234375
1 0.775 0.65390625 0.0390625 0.0234375
1 0.759375 0.97578125 0.046875 0.0359375
