1 0.2453125 0.86796875 0.246875 0.2640625
1 0.32109375 0.2546875 0.1046875 0.1734375
2 0.8203125 0.1359375 0.153125 0.190625
2 0.571875 0.31171875 0.3125 0.3171875
1 0.54140625 0.68515625 0.1765625 0.2890625
1 0.39453125 0.696875 0.20625 0.3578125
2 0.80703125 0.028125 0.0765625 0.05625
2 0.3625 0.184375 0.2171875 0.228125
1 0.0578125 0.37421875 0.115625 0.1765625
1 0.63046875 0.49140625 0.13125 0.23125
1 0.8671875 0.36953125 0.153125 0.1125
1 0.7125 0.4265625 0.103125 0.2
1 0.76328125 0.38203125 0.0609375 0.1875
1 0.9125 0.5515625 0.1140625 0.26875
1 0.84375 0.6734375 0.125 0.2125
1 0.634375 0.8765625 0.1515625 0.2265625
1 0.48125 0.90625 0.225 0.1875
1 0.7 0.68984375 0.209375 0.2
1 0.4765625 0.52265625 0.1140625 0.1890625
1 0.36171875 0.61640625 0.1859375 0.3078125
1 0.0953125 0.29765625 0.0828125 0.1484375
1 0.75625 0.0421875 0.028125 0.05
1 0.94296875 0.16875 0.0359375 0.059375
1 0.91171875 0.15859375 0.0375 0.059375
2 0.88359375 0.07421875 0.1359375 0.146875
1 0.53828125 0.5109375 0.1359375 0.13125
1 0.775 0.3390625 0.0765625 0.1703125
1 0.959375 0.41171875 0.0625 0.103125
