0 0.7515625 0.653125 0.2109375 0.23125
0 0.79375 0.896875 0.1609375 0.1484375
0 0.475 0.7453125 0.1359375 0.165625
0 0.57578125 0.8359375 0.1375 0.18125
0 0.31015625 0.75234375 0.15 0.1578125
1 0.45234375 0.909375 0.1359375 0.1078125
0 0.43359375 0.41640625 0.1390625 0.171875
3 0.49140625 0.30859375 0.16875 0.1875
2 0.26640625 0.42890625 0.2375 0.2875
2 0.26328125 0.1515625 0.246875 0.271875
2 0.625 0.13046875 0.290625 0.2609375
1 0.875 0.165625 0.1703125 0.153125
1 0.796875 0.034375 0.171875 0.06875
1 0.26875 0.63125 0.084375 0.065625
0 0.44296875 0.07265625 0.1203125 0.1453125
