2 0.25234375 0.56640625 0.490625 0.5421875
1 0.084375 0.7640625 0.1296875 0.275
0 0.48984375 0.4859375 0.06875 0.0828125
1 0.7484375 0.47421875 0.0828125 0.14375
3 0.82109375 0.465625 0.0921875 0.1390625
2 0.6734375 0.42734375 0.0796875 0.1234375
1 0.6328125 0.4546875 0.0453125 0.0921875
1 0.57109375 0.43984375 0.025 0.04375
1 0.5890625 0.43515625 0.021875 0.0421875
1 0.51953125 0.465625 0.0328125 0.05625
2 0.4375 0.4875 0.05 0.10625
1 0.43671875 0.509375 0.0265625 0.0625
2 0.4828125 0.4453125 0.0421875 0.046875
3 0.6078125 0.45546875 0.040625 0.08125
1 0.9640625 0.5046875 0.071875 0.265625
1 0.46015625 0.47421875 0.025 0.04375
0 0.1625 0.9171875 0.184375 0.165625
1 0.065625 0.6734375 0.06875 0.1203125
