0 0.5625 0.65703125 0.3921875 0.14375
1 0.4 0.54609375 0.0703125 0.06875
0 0.7828125 0.57578125 0.2359375 0.0875
0 0.33359375 0.5296875 0.065625 0.0390625
1 0.28671875 0.575 0.0578125 0.053125
1 0.1921875 0.52578125 0.0578125 0.0515625
0 0.23359375 0.52109375 0.03125 0.0328125
1 0.11484375 0.503125 0.015625 0.0203125
0 0.159375 0.50703125 0.021875 0.0171875
1 0.140625 0.51171875 0.015625 0.0109375
2 0.33359375 0.50078125 0.034375 0.0140625
0 0.275 0.50546875 0.0125 0.009375
3 0.15703125 0.4953125 0.01875 0.009375
