0 0.4390625 0.7984375 0.2 0.23046875
0 0.61171875 0.621875 0.1578125 0.19453125
1 0.56015625 0.44296875 0.0921875 0.146875
1 0.465625 0.54609375 0.096875 0.19140625
1 0.3 0.57109375 0.0875 0.16953125
1 0.2484375 0.684375 0.06875 0.11953125
1 0.3328125 0.66796875 0.1 0.18046875
1 0.87890625 0.5875 0.0859375 0.16953125
1 0.88203125 0.78046875 0.0796875 0.23359375
0 0.90625 0.24609375 0.121875 0.125
1 0.81953125 0.22890625 0.0734375 0.1359375
1 0.76640625 0.1640625 0.0484375 0.1
1 0.71328125 0.153125 0.0421875 0.09453125
3 0.94453125 0.4609375 0.1078125 0.1890625
1 0.3671875 0.490625 0.046875 0.09140625
