1 0.16171875 0.48828125 0.1359375 0.334375
3 0.5859375 0.67890625 0.828125 0.6421875
0 0.28125 0.3640625 0.2296875 0.2390625
0 0.14453125 0.3171875 0.11875 0.1171875
0 0.1 0.2890625 0.0640625 0.1015625
0 0.77109375 0.346875 0.1078125 0.109375
0 0.83671875 0.35234375 0.10625 0.1125
0 0.9640625 0.36171875 0.071875 0.1109375
0 0.61875 0.30703125 0.1125 0.11875
0 0.57734375 0.35390625 0.3 0.1859375
0 0.7015625 0.33984375 0.0828125 0.1078125
1 0.17265625 0.23515625 0.034375 0.034375
0 0.07421875 0.225 0.0390625 0.034375
0 0.21328125 0.23984375 0.0375 0.034375
