0 0.18515625 0.5234375 0.3703125 0.35859375
0 0.58125 0.62109375 0.30625 0.375
0 0.83203125 0.4609375 0.0984375 0.11640625
1 0.91015625 0.43359375 0.0484375 0.0890625
1 0.51796875 0.425 0.0890625 0.08359375
1 0.57265625 0.37890625 0.0421875 0.04140625
3 0.3796875 0.39140625 0.103125 0.11640625
0 0.13515625 0.7984375 0.2609375 0.396875
0 0.43984375 0.428125 0.0984375 0.1
0 0.7296875 0.47890625 0.096875 0.15859375
1 0.66796875 0.38203125 0.0265625 0.053125
3 0.95 0.4390625 0.028125 0.10546875
1 0.80625 0.3859375 0.021875 0.03359375
