1 0.57578125 0.60625 0.1515625 0.084375
1 0.5171875 0.565625 0.0625 0.040625
0 0.52109375 0.50234375 0.065625 0.09375
1 0.49375 0.4375 0.05625 0.040625
1 0.54375 0.6890625 0.0640625 0.05625
1 0.5703125 0.7453125 0.046875 0.046875
1 0.57578125 0.82109375 0.0875 0.0484375
1 0.57421875 0.8953125 0.0609375 0.034375
1 0.58515625 0.9796875 0.0484375 0.034375
1 0.59140625 0.95078125 0.0265625 0.0296875
0 0.4953125 0.35234375 0.065625 0.071875
1 0.46484375 0.2984375 0.0421875 0.0296875
1 0.46484375 0.28046875 0.0453125 0.0234375
1 0.65390625 0.109375 0.5984375 0.21875
2 0.51796875 0.73359375 0.0828125 0.0375
