1 0.93359375 0.32890625 0.0390625 0.0640625
1 0.8515625 0.34140625 0.046875 0.0609375
1 0.79296875 0.34609375 0.0515625 0.05859375
1 0.74765625 0.3484375 0.0390625 0.053125
1 0.5859375 0.36953125 0.046875 0.05546875
1 0.67578125 0.35703125 0.0453125 0.053125
0 0.51953125 0.40859375 0.0515625 0.071875
0 0.425 0.39609375 0.075 0.053125
1 0.3453125 0.378125 0.03125 0.0390625
1 0.31015625 0.38203125 0.0265625 0.03046875
1 0.28984375 0.3859375 0.0171875 0.0390625
1 0.12734375 0.540625 0.2546875 0.45859375
