1 0.61015625 0.5265625 0.24375 0.1421875
1 0.5875 0.33046875 0.221875 0.1578125
1 0.6125 0.10546875 0.309375 0.1859375
0 0.5875 0.20234375 0.0875 0.0875
1 0.5203125 0.2328125 0.0578125 0.05
1 0.5203125 0.40703125 0.05625 0.04375
1 0.52265625 0.85 0.0390625 0.028125
1 0.5234375 0.81328125 0.040625 0.0359375
1 0.52578125 0.7484375 0.053125 0.025
1 0.56640625 0.71328125 0.1265625 0.0640625
1 0.61484375 0.8 0.115625 0.0875
1 0.53046875 0.6546875 0.021875 0.0171875
1 0.5171875 0.76953125 0.0359375 0.0171875
1 0.525 0.91171875 0.0359375 0.0296875
1 0.521875 0.87265625 0.040625 0.0140625
1 0.521875 0.31953125 0.05625 0.0265625
