1 0.365625 0.43046875 0.09375 0.0828125
1 0.3578125 0.5703125 0.09375 0.0390625
0 0.32890625 0.62734375 0.0875 0.08125
1 0.34375 0.78125 0.1 0.040625
0 0.353125 0.8046875 0.0625 0.034375
1 0.3671875 0.73359375 0.0421875 0.0234375
1 0.365625 0.7109375 0.05 0.0265625
1 0.365625 0.7578125 0.0484375 0.021875
1 0.36875 0.7453125 0.03125 0.0109375
3 0.3515625 0.946875 0.078125 0.059375
1 0.35234375 0.91484375 0.0515625 0.01875
2 0.36328125 0.9796875 0.1171875 0.040625
2 0.425 0.621875 0.0703125 0.08125
