1 0.89609375 0.521875 0.0890625 0.09453125
1 0.81328125 0.459375 0.0515625 0.0640625
1 0.7515625 0.471875 0.0625 0.071875
1 0.97578125 0.453125 0.0265625 0.05546875
1 0.703125 0.4640625 0.034375 0.05546875
1 0.6390625 0.4640625 0.046875 0.05
1 0.58984375 0.465625 0.0421875 0.053125
1 0.55625 0.465625 0.028125 0.053125
1 0.52734375 0.471875 0.0390625 0.0609375
0 0.475 0.4859375 0.06875 0.071875
0 0.41484375 0.471875 0.0421875 0.0609375
1 0.384375 0.4859375 0.034375 0.03359375
1 0.30625 0.45546875 0.03125 0.01640625
1 0.340625 0.4640625 0.028125 0.0390625
0 0.25078125 0.54296875 0.2109375 0.14140625
