1 0.40078125 0.6140625 0.1140625 0.31640625
3 0.60078125 0.590625 0.1296875 0.3359375
2 0.2671875 0.35546875 0.221875 0.10546875
1 0.5390625 0.49453125 0.046875 0.15546875
1 0.94609375 0.515625 0.0890625 0.1359375
1 0.4890625 0.465625 0.03125 0.103125
2 0.3875 0.37109375 0.04375 0.0640625
1 0.8375 0.77890625 0.321875 0.40859375
1 0.30234375 0.48203125 0.0734375 0.146875
1 0.246875 0.53203125 0.1875 0.23046875
1 0.1921875 0.6015625 0.225 0.353125
1 0.13125 0.6640625 0.2625 0.45546875
1 0.12890625 0.709375 0.2578125 0.4359375
1 0.70625 0.4515625 0.040625 0.075
1 0.39609375 0.42890625 0.0296875 0.04140625
1 0.43984375 0.42890625 0.0234375 0.046875
1 0.42109375 0.4359375 0.0265625 0.05
