0 0.68671875 0.728125 0.2078125 0.18359375
0 0.93359375 0.7359375 0.1296875 0.14453125
0 0.73984375 0.44140625 0.1515625 0.11640625
0 0.84296875 0.528125 0.1671875 0.11640625
0 0.7234375 0.2765625 0.140625 0.13046875
1 0.8984375 0.39609375 0.090625 0.125
0 0.4078125 0.44609375 0.15625 0.11953125
3 0.309375 0.51796875 0.16875 0.146875
2 0.396875 0.27890625 0.2625 0.203125
2 0.121875 0.3140625 0.24375 0.21640625
2 0.1328125 0.678125 0.265625 0.25546875
1 0.22109375 0.91796875 0.1328125 0.153125
1 0.05234375 0.8625 0.1046875 0.15859375
1 0.59765625 0.253125 0.0546875 0.078125
0 0.06796875 0.50390625 0.1359375 0.103125
