2 0.24375 0.509375 0.396875 0.4640625
1 0.0359375 0.6640625 0.071875 0.26640625
0 0.49296875 0.48359375 0.0546875 0.071875
1 0.74765625 0.53046875 0.0546875 0.13359375
3 0.8203125 0.5390625 0.065625 0.128125
2 0.68515625 0.46796875 0.0546875 0.1140625
1 0.63984375 0.4859375 0.0265625 0.0890625
1 0.5828125 0.45703125 0.015625 0.04140625
1 0.6015625 0.45703125 0.0125 0.04140625
1 0.5265625 0.47109375 0.021875 0.053125
2 0.4421875 0.4734375 0.028125 0.103125
1 0.4359375 0.49453125 0.0125 0.0609375
2 0.4953125 0.44296875 0.034375 0.04140625
3 0.61484375 0.48046875 0.0234375 0.078125
1 0.96953125 0.6140625 0.0515625 0.2609375
1 0.4671875 0.465625 0.015625 0.04140625
0 0.0671875 0.878125 0.134375 0.2390625
1 0.0375 0.57109375 0.04375 0.1140625
