0 0.54453125 0.40859375 0.1453125 0.1078125
0 0.725 0.2625 0.215625 0.1640625
1 0.796875 0.5140625 0.1984375 0.09375
1 0.7328125 0.43828125 0.215625 0.1203125
1 0.73515625 0.60390625 0.184375 0.08125
2 0.43125 0.659375 0.228125 0.1234375
3 0.53515625 0.62421875 0.171875 0.1015625
0 0.89921875 0.60546875 0.2015625 0.1921875
1 0.45 0.4453125 0.1109375 0.0703125
1 0.80078125 0.6671875 0.153125 0.071875
2 0.3125 0.58828125 0.1484375 0.1
0 0.35546875 0.4671875 0.071875 0.059375
0 0.65 0.63046875 0.165625 0.121875
1 0.4859375 0.72734375 0.103125 0.046875
3 0.475 0.5359375 0.21875 0.140625
0 0.575 0.03984375 0.175 0.0796875
1 0.465625 0.7125 0.103125 0.04375
1 0.32890625 0.73359375 0.071875 0.0375
1 0.32421875 0.62890625 0.0671875 0.0328125
2 0.19765625 0.68671875 0.06875 0.0453125
2 0.18046875 0.6390625 0.05625 0.0453125
