1 0.6171875 0.5953125 0.31875 0.125
3 0.58671875 0.39609375 0.340625 0.140625
2 0.3640625 0.7375 0.1140625 0.225
1 0.49296875 0.4609375 0.1578125 0.0515625
1 0.5 0.05390625 0.1390625 0.09375
1 0.46640625 0.5125 0.1046875 0.034375
2 0.375 0.6171875 0.065625 0.0453125
1 0.76640625 0.16015625 0.4203125 0.3203125
1 0.4890625 0.6984375 0.15 0.078125
1 0.540625 0.7515625 0.2375 0.1953125
1 0.6125 0.80390625 0.3609375 0.2375
1 0.6765625 0.86171875 0.465625 0.2765625
1 0.721875 0.86328125 0.4453125 0.2734375
1 0.44453125 0.2953125 0.0765625 0.04375
1 0.4328125 0.60625 0.0421875 0.03125
1 0.43125 0.5625 0.0484375 0.025
1 0.4390625 0.58125 0.0515625 0.028125
