1 0.71640625 0.3375 0.0390625 0.0859375
1 0.58203125 0.29140625 0.0328125 0.071875
1 0.55625 0.24609375 0.028125 0.0640625
1 0.39140625 0.3265625 0.0484375 0.08046875
1 0.37265625 0.378125 0.0359375 0.09453125
2 0.13515625 0.55390625 0.2046875 0.38046875
2 0.09375 0.4375 0.1875 0.30859375
2 0.4859375 0.25703125 0.103125 0.13046875
2 0.44453125 0.22109375 0.0765625 0.11953125
2 0.57578125 0.16796875 0.0328125 0.08046875
2 0.56171875 0.10390625 0.0203125 0.046875
2 0.49453125 0.1734375 0.0828125 0.0640625
0 0.62265625 0.25 0.0296875 0.05
0 0.62109375 0.20390625 0.0265625 0.0359375
0 0.74296875 0.25390625 0.0328125 0.0640625
2 0.8046875 0.19140625 0.028125 0.05546875
2 0.6984375 0.18203125 0.040625 0.09140625
1 0.97734375 0.35703125 0.0359375 0.09140625
1 0.909375 0.5609375 0.059375 0.1609375
1 0.86484375 0.45703125 0.0390625 0.11953125
1 0.971875 0.575 0.053125 0.16640625
1 0.7828125 0.27109375 0.025 0.06953125
1 0.82734375 0.27109375 0.0265625 0.06953125
