3 0.91484375 0.409375 0.1203125 0.14140625
0 0.7828125 0.40703125 0.034375 0.046875
1 0.80703125 0.39296875 0.0140625 0.053125
1 0.8484375 0.396875 0.021875 0.06640625
1 0.69921875 0.41640625 0.0234375 0.078125
1 0.46875 0.42109375 0.025 0.04140625
1 0.48359375 0.41640625 0.0203125 0.0390625
0 0.43125 0.4375 0.03125 0.053125
0 0.29140625 0.45546875 0.0703125 0.0609375
2 0.37578125 0.41796875 0.0515625 0.1140625
1 0.12890625 0.4515625 0.0234375 0.04140625
0 0.08984375 0.484375 0.1046875 0.05859375
1 0.01953125 0.5 0.0390625 0.05546875
