3 0.6125 0.090625 0.146875 0.128125
0 0.6078125 0.22265625 0.0484375 0.0375
1 0.62265625 0.19921875 0.053125 0.0171875
1 0.62109375 0.1578125 0.0671875 0.025
1 0.59375 0.30546875 0.0796875 0.028125
1 0.57734375 0.53515625 0.0421875 0.0265625
1 0.5828125 0.52109375 0.040625 0.021875
0 0.55859375 0.571875 0.0546875 0.034375
0 0.53359375 0.7109375 0.0640625 0.0734375
2 0.57578125 0.628125 0.1171875 0.0578125
1 0.52890625 0.8734375 0.0421875 0.025
0 0.49375 0.91015625 0.0640625 0.1078125
1 0.47421875 0.97890625 0.0578125 0.0421875
