0 0.88203125 0.49453125 0.2046875 0.128125
2 0.69921875 0.15 0.3203125 0.3
2 0.49375 0.4640625 0.153125 0.14375
1 0.66796875 0.8984375 0.1359375 0.0546875
1 0.52890625 0.90546875 0.078125 0.0359375
1 0.528125 0.58671875 0.08125 0.0359375
3 0.4 0.56796875 0.046875 0.028125
1 0.44296875 0.60390625 0.04375 0.0125
2 0.4015625 0.79609375 0.059375 0.03125
2 0.44921875 0.87734375 0.06875 0.0296875
1 0.54609375 0.9734375 0.06875 0.03125
1 0.58203125 0.98046875 0.08125 0.034375
1 0.4859375 0.79140625 0.065625 0.025
1 0.43046875 0.7453125 0.053125 0.0203125
2 0.5015625 0.35625 0.15625 0.165625
2 0.41875 0.44375 0.0578125 0.0796875
2 0.3953125 0.45859375 0.065625 0.078125
