2 0.85390625 0.503125 0.1234375 0.178125
1 0.65859375 0.4875 0.0234375 0.046875
1 0.67578125 0.484375 0.0234375 0.046875
1 0.59765625 0.50390625 0.0546875 0.06953125
2 0.5265625 0.490625 0.05 0.1140625
0 0.45625 0.525 0.06875 0.0609375
0 0.24296875 0.5390625 0.0921875 0.05546875
1 0.27109375 0.515625 0.0296875 0.03046875
1 0.075 0.59140625 0.059375 0.15
1 0.0203125 0.60390625 0.040625 0.1859375
1 0.03359375 0.5375 0.0171875 0.04140625
0 0.13125 0.55 0.034375 0.0390625
1 0.134375 0.525 0.028125 0.028125
1 0.16015625 0.534375 0.0171875 0.025
1 0.99140625 0.47109375 0.0140625 0.046875
1 0.6390625 0.4984375 0.015625 0.05859375
