2 0.546875 0.51875 0.2484375 0.125
2 0.628125 0.2875 0.203125 0.090625
1 0.375 0.2734375 0.178125 0.084375
2 0.37578125 0.13984375 0.4828125 0.25
1 0.59375 0.1671875 0.075 0.0390625
1 0.61484375 0.05234375 0.0984375 0.0640625
1 0.3921875 0.64609375 0.1484375 0.065625
2 0.4953125 0.78046875 0.2453125 0.1640625
2 0.434375 0.9109375 0.315625 0.178125
0 0.70078125 0.44140625 0.053125 0.034375
0 0.746875 0.4453125 0.0359375 0.0296875
1 0.70703125 0.24609375 0.0609375 0.025
2 0.73203125 0.17734375 0.0671875 0.0359375
2 0.771875 0.2609375 0.0578125 0.03125
1 0.74765625 0.27109375 0.0546875 0.025
1 0.659375 0.56015625 0.0640625 0.0375
2 0.6828125 0.60546875 0.121875 0.0875
2 0.75625 0.584375 0.071875 0.0515625
2 0.778125 0.47578125 0.0671875 0.034375
1 0.6625 0.6546875 0.0578125 0.03125
