1 0.040625 0.540625 0.08046875 0.06875
3 0.19609375 0.53125 0.09140625 0.04375
3 0.30546875 0.52734375 0.071875 0.0390625
1 0.25703125 0.53046875 0.025 0.0328125
1 0.3484375 0.52578125 0.025 0.0265625
0 0.40546875 0.525 0.04453125 0.01875
1 0.52890625 0.52265625 0.025 0.0234375
0 0.65859375 0.5265625 0.05 0.021875
0 0.61796875 0.52109375 0.025 0.0140625
3 0.70859375 0.52109375 0.03359375 0.0234375
1 0.740625 0.52734375 0.0359375 0.0390625
1 0.7765625 0.52578125 0.0359375 0.0390625
1 0.90546875 0.53671875 0.1109375 0.1015625
