1 0.17265625 0.63203125 0.2046875 0.325
1 0.2578125 0.49609375 0.103125 0.1859375
1 0.0890625 0.5984375 0.178125 0.296875
1 0.52734375 0.37109375 0.0234375 0.05859375
1 0.47890625 0.37890625 0.0265625 0.05859375
2 0.4203125 0.375 0.075 0.121875
2 0.5484375 0.3125 0.040625 0.09140625
3 0.70234375 0.375 0.0421875 0.0609375
2 0.67734375 0.33046875 0.0390625 0.1
2 0.76796875 0.3125 0.0296875 0.053125
1 0.8453125 0.459375 0.03125 0.08046875
1 0.8875 0.43203125 0.03125 0.075
1 0.9484375 0.45546875 0.034375 0.08359375
1 0.85 0.3984375 0.021875 0.05859375
2 0.85 0.346875 0.028125 0.04453125
2 0.45 0.3015625 0.046875 0.06953125
