2 0.35703125 0.13828125 0.1015625 0.0859375
0 0.428125 0.57734375 0.075 0.071875
1 0.47265625 0.84375 0.0828125 0.0609375
1 0.4734375 0.8984375 0.0796875 0.046875
3 0.484375 0.96484375 0.08125 0.0703125
1 0.46484375 0.69453125 0.034375 0.025
3 0.446875 0.47734375 0.0828125 0.065625
1 0.42734375 0.43046875 0.025 0.015625
3 0.47578125 0.56953125 0.034375 0.0265625
1 0.390625 0.2703125 0.0515625 0.0296875
3 0.478125 0.7546875 0.0640625 0.059375
3 0.4703125 0.66171875 0.0296875 0.0390625
3 0.47109375 0.6140625 0.0390625 0.0296875
