1 0.3890625 0.56796875 0.075 0.146875
1 0.43359375 0.5125 0.0359375 0.05859375
0 0.49609375 0.52109375 0.0890625 0.05859375
1 0.5625 0.4984375 0.0375 0.053125
1 0.30859375 0.53046875 0.0515625 0.0609375
1 0.25 0.553125 0.04375 0.04453125
1 0.17421875 0.553125 0.0421875 0.08359375
1 0.10078125 0.54609375 0.0296875 0.05859375
1 0.015625 0.5515625 0.03125 0.046875
1 0.04375 0.559375 0.028125 0.025
0 0.64765625 0.50546875 0.0671875 0.0609375
1 0.70390625 0.47890625 0.0265625 0.04140625
1 0.72109375 0.48046875 0.0203125 0.04453125
1 0.89140625 0.68203125 0.2046875 0.5859375
2 0.265625 0.5015625 0.03125 0.08046875
