0 0.35859375 0.653125 0.3234375 0.421875
3 0.16328125 0.42109375 0.1296875 0.24140625
1 0.27890625 0.41796875 0.0515625 0.1140625
1 0.32421875 0.3640625 0.0359375 0.10546875
2 0.6703125 0.459375 0.65625 0.91875
1 0.25703125 0.3234375 0.0359375 0.046875
1 0.29140625 0.3234375 0.0234375 0.05859375
2 0.13359375 0.28203125 0.0421875 0.0359375
0 0.08984375 0.3234375 0.0171875 0.05859375
0 0.21953125 0.36953125 0.0484375 0.078125
0 0.2765625 0.3984375 0.103125 0.11953125
2 0.03671875 0.27890625 0.0296875 0.04140625
