1 0.7625 0.5171875 0.075 0.06875
1 0.6875 0.5125 0.04140625 0.0375
1 0.6515625 0.51015625 0.0359375 0.0359375
0 0.56796875 0.51328125 0.046875 0.0234375
0 0.52109375 0.5109375 0.04140625 0.01875
0 0.3390625 0.51015625 0.0390625 0.0203125
1 0.43359375 0.5109375 0.021875 0.025
3 0.2375 0.51484375 0.075 0.0390625
3 0.11953125 0.515625 0.078125 0.05
1 0.1765625 0.515625 0.025 0.03125
1 0.015625 0.525 0.03046875 0.06875
1 0.284375 0.51171875 0.01953125 0.0296875
3 0.61640625 0.5078125 0.0390625 0.025
