1 0.4765625 0.58203125 0.1796875 0.4
1 0.5953125 0.48046875 0.0796875 0.2078125
2 0.77421875 0.53125 0.4515625 0.865625
2 0.434375 0.359375 0.2265625 0.2625
0 0.2921875 0.41328125 0.1375 0.165625
1 0.24609375 0.34921875 0.040625 0.09375
1 0.05390625 0.43671875 0.1078125 0.2609375
1 0.12265625 0.34609375 0.0671875 0.125
3 0.15 0.30703125 0.0578125 0.071875
2 0.0953125 0.2625 0.0734375 0.0890625
2 0.14453125 0.25390625 0.0390625 0.0453125
2 0.17890625 0.26796875 0.034375 0.0625
1 0.04140625 0.29375 0.0390625 0.0640625
1 0.059375 0.28515625 0.028125 0.04375
1 0.23828125 0.28515625 0.0125 0.0265625
1 0.3140625 0.32734375 0.0328125 0.053125
1 0.33671875 0.33359375 0.028125 0.0625
3 0.28515625 0.31796875 0.0359375 0.05625
1 0.2625 0.2890625 0.015625 0.0265625
1 0.6015625 0.3984375 0.059375 0.090625
0 0.22734375 0.28125 0.0140625 0.0203125
