1 0.58984375 0.621875 0.0703125 0.08359375
1 0.453125 0.6515625 0.025 0.09140625
0 0.40078125 0.6890625 0.0703125 0.078125
1 0.246875 0.6984375 0.025 0.096875
0 0.221875 0.69296875 0.025 0.05859375
1 0.28984375 0.66796875 0.0171875 0.04140625
1 0.3125 0.665625 0.01875 0.046875
1 0.26640625 0.6734375 0.0140625 0.046875
1 0.278125 0.66796875 0.00625 0.03046875
3 0.08203125 0.71640625 0.0484375 0.071875
1 0.11328125 0.7109375 0.0109375 0.05
2 0.0296875 0.7125 0.059375 0.10859375
2 0.39140625 0.59296875 0.0734375 0.05859375
