1 0.48984375 0.584375 0.1203125 0.3859375
1 0.59140625 0.465625 0.0484375 0.203125
2 0.80546875 0.48359375 0.3859375 0.81640625
2 0.41328125 0.37109375 0.1921875 0.2359375
0 0.28125 0.446875 0.115625 0.15
1 0.22578125 0.390625 0.0265625 0.09140625
1 0.04296875 0.50859375 0.0859375 0.25
1 0.103125 0.40703125 0.05 0.11953125
3 0.12421875 0.3640625 0.0484375 0.06640625
2 0.06328125 0.32890625 0.0609375 0.08046875
2 0.11015625 0.3125 0.0328125 0.04140625
2 0.146875 0.32109375 0.025 0.05859375
1 0.01484375 0.36796875 0.0296875 0.05859375
1 0.03125 0.35703125 0.021875 0.04140625
1 0.2078125 0.32890625 0.009375 0.025
1 0.2890625 0.35859375 0.025 0.05
1 0.3125 0.3609375 0.01875 0.0609375
3 0.259375 0.35390625 0.028125 0.053125
1 0.2328125 0.32890625 0.0125 0.025
1 0.584375 0.38359375 0.046875 0.08359375
0 0.19609375 0.3265625 0.0109375 0.01953125
