2 0.38828125 0.25546875 0.4109375 0.5109375
1 0.5859375 0.365625 0.14375 0.246875
1 0.85625 0.53515625 0.275 0.4421875
3 0.09140625 0.1671875 0.0921875 0.1359375
3 0.2078125 0.159375 0.071875 0.1265625
1 0.690625 0.27265625 0.0421875 0.0796875
1 0.95234375 0.50078125 0.0953125 0.2734375
0 0.13125 0.15390625 0.0421875 0.0609375
1 0.61640625 0.2484375 0.0390625 0.0546875
1 0.65 0.24765625 0.034375 0.0453125
1 0.6359375 0.3578125 0.1125 0.2015625
1 0.840625 0.30234375 0.046875 0.059375
1 0.721875 0.26015625 0.0234375 0.03125
1 0.775 0.35703125 0.06875 0.1453125
