0 0.59921875 0.63359375 0.1640625 0.20546875
2 0.4265625 0.54609375 0.33125 0.35859375
1 0.178125 0.609375 0.159375 0.23046875
2 0.6328125 0.29296875 0.128125 0.14140625
1 0.46640625 0.83359375 0.1484375 0.321875
1 0.671875 0.47109375 0.08125 0.146875
1 0.76953125 0.3984375 0.0671875 0.10859375
1 0.7515625 0.584375 0.096875 0.20859375
3 0.69140625 0.365625 0.1015625 0.10859375
2 0.91171875 0.296875 0.0765625 0.09453125
2 0.96953125 0.3 0.0578125 0.0890625
1 0.27734375 0.8875 0.1359375 0.21953125
1 0.5609375 0.921875 0.140625 0.15
1 0.61484375 0.87109375 0.1515625 0.253125
1 0.6875 0.8625 0.153125 0.26953125
1 0.7203125 0.821875 0.14375 0.31640625
1 0.8140625 0.69296875 0.1 0.16953125
1 0.96015625 0.5859375 0.0609375 0.11640625
1 0.896875 0.62890625 0.115625 0.096875
1 0.87265625 0.671875 0.1171875 0.09453125
1 0.859375 0.43203125 0.04375 0.13046875
1 0.8359375 0.39609375 0.04375 0.103125
1 0.97734375 0.421875 0.0421875 0.128125
2 0.09609375 0.36796875 0.1921875 0.1359375
1 0.31953125 0.365625 0.0390625 0.103125
1 0.53359375 0.29453125 0.0296875 0.071875
1 0.36328125 0.334375 0.0296875 0.06953125
