1 0.31015625 0.56484375 0.2046875 0.134375
0 0.40625 0.39921875 0.1859375 0.1515625
1 0.48515625 0.478125 0.15625 0.103125
3 0.55859375 0.375 0.165625 0.125
3 0.62421875 0.2671875 0.134375 0.096875
2 0.67890625 0.35703125 0.171875 0.1265625
2 0.6015625 0.53671875 0.3703125 0.2609375
0 0.55234375 0.90625 0.10625 0.109375
0 0.59296875 0.12109375 0.13125 0.0859375
0 0.59140625 0.0390625 0.13125 0.075
1 0.7921875 0.284375 0.05 0.0328125
0 0.52265625 0.96484375 0.0984375 0.0703125
1 0.5484375 0.26796875 0.1 0.0421875
