2 0.88125 0.578125 0.071875 0.090625
0 0.43671875 0.584375 0.0609375 0.065625
1 0.16640625 0.58671875 0.0484375 0.07421875
1 0.1125 0.5953125 0.034375 0.07421875
3 0.04296875 0.59609375 0.0609375 0.071875
1 0.31484375 0.56796875 0.0203125 0.03203125
3 0.53125 0.5484375 0.053125 0.07421875
1 0.58125 0.559375 0.0125 0.0234375
3 0.4359375 0.5359375 0.021875 0.03203125
1 0.7453125 0.56796875 0.021875 0.0484375
3 0.253125 0.565625 0.05 0.05703125
3 0.34609375 0.55703125 0.0359375 0.0234375
3 0.39296875 0.5484375 0.0234375 0.0359375
