0 0.5015625 0.88203125 0.125 0.203125
2 0.15078125 0.70546875 0.3015625 0.31640625
2 0.4640625 0.49453125 0.140625 0.15
1 0.9015625 0.6609375 0.053125 0.13359375
1 0.90625 0.521875 0.034375 0.078125
1 0.5875 0.5265625 0.034375 0.08046875
3 0.56640625 0.3984375 0.0265625 0.046875
1 0.603125 0.44140625 0.0125 0.04453125
2 0.79453125 0.39609375 0.0296875 0.05859375
2 0.8765625 0.44296875 0.028125 0.06953125
1 0.97421875 0.5375 0.0296875 0.06953125
1 0.98203125 0.5734375 0.0328125 0.08046875
1 0.79140625 0.48046875 0.0234375 0.06640625
1 0.74375 0.4265625 0.01875 0.053125
2 0.35625 0.50390625 0.1625 0.153125
2 0.4421875 0.41953125 0.078125 0.05546875
2 0.45703125 0.39609375 0.0765625 0.0640625
