0 0.8546875 0.459375 0.20625 0.225
0 0.425 0.4890625 0.36875 0.25
3 0.22265625 0.409375 0.3265625 0.25859375
1 0.98046875 0.39609375 0.0359375 0.16953125
1 0.13515625 0.33203125 0.0859375 0.1140625
1 0.50078125 0.3125 0.0234375 0.04140625
1 0.43359375 0.30546875 0.0140625 0.05
1 0.4125 0.309375 0.01875 0.04140625
2 0.70625 0.3890625 0.2125 0.21640625
0 0.9140625 0.3375 0.103125 0.1140625
0 0.2703125 0.75390625 0.525 0.4859375
0 0.853125 0.3109375 0.046875 0.05
0 0.54453125 0.36953125 0.1359375 0.0890625
