1 0.1625 0.5234375 0.103125 0.325
3 0.60703125 0.6875 0.7703125 0.603125
0 0.26796875 0.3875 0.2078125 0.21953125
0 0.12734375 0.35546875 0.1078125 0.10546875
0 0.08046875 0.33203125 0.0546875 0.096875
0 0.75390625 0.31953125 0.0984375 0.1
0 0.81953125 0.31796875 0.0953125 0.103125
0 0.9578125 0.3125 0.08125 0.103125
0 0.59765625 0.29609375 0.1015625 0.10859375
0 0.56171875 0.346875 0.2859375 0.15546875
0 0.68359375 0.31953125 0.0734375 0.1
1 0.146875 0.27109375 0.03125 0.03046875
0 0.04765625 0.27109375 0.0359375 0.03046875
0 0.1875 0.27109375 0.034375 0.03046875
