1 0.56328125 0.9546875 0.0859375 0.090625
3 0.53828125 0.803125 0.0625 0.0984375
3 0.5171875 0.6953125 0.0546875 0.078125
1 0.525 0.74375 0.0375 0.03125
1 0.50859375 0.653125 0.03125 0.0296875
0 0.496875 0.59765625 0.028125 0.046875
1 0.47109375 0.4765625 0.028125 0.0296875
0 0.43828125 0.3515625 0.0328125 0.053125
0 0.453125 0.38984375 0.01875 0.028125
3 0.4328125 0.3015625 0.03125 0.0390625
1 0.41953125 0.271875 0.046875 0.04375
1 0.4125 0.2359375 0.046875 0.04375
1 0.37265625 0.11328125 0.1234375 0.13125
