0 0.3734375 0.79375 0.15625 0.140625
2 0.3265625 0.13515625 0.584375 0.2703125
1 0.2875 0.49140625 0.1453125 0.090625
0 0.26328125 0.3515625 0.159375 0.140625
1 0.34375 0.690625 0.08125 0.040625
3 0.4359375 0.8890625 0.0671875 0.096875
2 0.3765625 0.634375 0.115625 0.0859375
3 0.40078125 0.7078125 0.071875 0.0640625
2 0.3609375 0.5671875 0.0921875 0.05625
3 0.31796875 0.52890625 0.115625 0.075
3 0.3046875 0.453125 0.0921875 0.05625
1 0.30703125 0.4296875 0.05625 0.0328125
0 0.37265625 0.7375 0.0671875 0.05
