0 0.32265625 0.34296875 0.13125 0.1125
1 0.3515625 0.42890625 0.1203125 0.0671875
2 0.43359375 0.46484375 0.0984375 0.0640625
1 0.41953125 0.6015625 0.0984375 0.084375
0 0.3828125 0.80859375 0.1953125 0.26875
0 0.38984375 0.40390625 0.0578125 0.0484375
0 0.4046875 0.3796875 0.0453125 0.03125
0 0.43515625 0.4109375 0.065625 0.04375
0 0.37421875 0.2828125 0.05 0.053125
0 0.40546875 0.35546875 0.0296875 0.028125
1 0.4125 0.5640625 0.084375 0.075
0 0.4390625 0.51484375 0.028125 0.021875
0 0.3109375 0.1421875 0.0875 0.1046875
