0 0.090625 0.90703125 0.121875 0.1484375
1 0.1296875 0.92109375 0.08125 0.1375
1 0.30859375 0.88046875 0.0890625 0.18125
3 0.05625 0.63203125 0.0703125 0.0859375
1 0.11328125 0.775 0.078125 0.115625
1 0.04453125 0.703125 0.0515625 0.1125
1 0.06171875 0.80703125 0.0796875 0.109375
1 0.1765625 0.8390625 0.0671875 0.16875
0 0.29375 0.77421875 0.134375 0.1265625
0 0.0515625 0.5765625 0.053125 0.0453125
0 0.2171875 0.60703125 0.0796875 0.0875
0 0.62890625 0.85546875 0.2 0.2125
0 0.81953125 0.63515625 0.0828125 0.1421875
0 0.759375 0.459375 0.0515625 0.071875
3 0.83046875 0.4125 0.1 0.1359375
1 0.975 0.8421875 0.05 0.21875
1 0.9515625 0.659375 0.096875 0.159375
1 0.8140625 0.7609375 0.1484375 0.1921875
1 0.6890625 0.64375 0.096875 0.165625
2 0.475 0.6359375 0.2734375 0.2765625
3 0.459375 0.8703125 0.2125 0.2515625
