1 0.325 0.60703125 0.334375 0.73046875
1 0.68828125 0.4375 0.2015625 0.5359375
2 0.1375 0.41953125 0.275 0.8390625
1 0.5734375 0.2625 0.10625 0.31953125
3 0.45078125 0.1875 0.1484375 0.25859375
2 0.26796875 0.1015625 0.1546875 0.203125
2 0.3640625 0.07109375 0.1375 0.11953125
2 0.51796875 0.1140625 0.1109375 0.16640625
1 0.6328125 0.165625 0.059375 0.096875
3 0.83359375 0.18203125 0.2296875 0.30859375
1 0.9390625 0.284375 0.1125 0.225
3 0.67578125 0.134375 0.0703125 0.09140625
2 0.61328125 0.090625 0.0515625 0.09140625
1 0.2625 0.17109375 0.0875 0.146875
