1 0.35703125 0.9234375 0.0734375 0.14140625
1 0.803125 0.8765625 0.090625 0.16953125
1 0.7453125 0.69296875 0.05625 0.10859375
1 0.7265625 0.6484375 0.046875 0.08046875
1 0.7125 0.61640625 0.04375 0.06640625
1 0.68359375 0.59453125 0.0359375 0.0609375
1 0.68515625 0.5484375 0.0328125 0.025
1 0.75546875 0.57109375 0.0359375 0.03046875
1 0.37578125 0.653125 0.0359375 0.08359375
1 0.1765625 0.675 0.05 0.071875
1 0.18046875 0.6265625 0.0421875 0.025
0 0.25234375 0.5734375 0.0421875 0.046875
2 0.184375 0.8359375 0.18125 0.31640625
0 0.46953125 0.7359375 0.0640625 0.1109375
0 0.38984375 0.5125 0.0234375 0.0359375
0 0.40234375 0.43203125 0.0109375 0.01953125
0 0.4046875 0.40859375 0.00625 0.0109375
0 0.42109375 0.4125 0.0078125 0.00859375
0 0.94140625 0.88203125 0.1109375 0.196875
0 0.88984375 0.734375 0.1078125 0.1140625
0 0.84375 0.790625 0.1125 0.153125
0 0.8203125 0.6734375 0.06875 0.0859375
0 0.67578125 0.69609375 0.0828125 0.096875
0 0.6328125 0.76796875 0.08125 0.14140625
3 0.70625 0.84140625 0.140625 0.19453125
0 0.7265625 0.784375 0.096875 0.13046875
0 0.896875 0.9515625 0.15 0.08046875
3 0.96171875 0.72109375 0.0671875 0.10859375
0 0.8890625 0.6625 0.096875 0.10859375
0 0.7609375 0.621875 0.071875 0.0890625
0 0.7125 0.5734375 0.040625 0.025
1 0.571875 0.69296875 0.03125 0.103125
1 0.60234375 0.6875 0.0234375 0.096875
1 0.61953125 0.6609375 0.0140625 0.06640625
1 0.63125 0.671875 0.01875 0.05
1 0.6625 0.6265625 0.05 0.046875
3 0.609375 0.6109375 0.05625 0.078125
1 0.72890625 0.55859375 0.0359375 0.0390625
1 0.68671875 0.5515625 0.0359375 0.0359375
0 0.571875 0.65703125 0.0625 0.09140625
0 0.65234375 0.5984375 0.0546875 0.046875
0 0.54765625 0.60703125 0.0484375 0.06953125
0 0.578125 0.58203125 0.040625 0.053125
0 0.5546875 0.5515625 0.0375 0.04140625
0 0.52890625 0.571875 0.0390625 0.0609375
0 0.64296875 0.55390625 0.0453125 0.053125
0 0.59296875 0.5375 0.0390625 0.0359375
0 0.64765625 0.525 0.0328125 0.021875
1 0.603125 0.51640625 0.021875 0.021875
0 0.571875 0.51953125 0.03125 0.0390625
1 0.540625 0.5265625 0.021875 0.0359375
3 0.503125 0.521875 0.034375 0.0609375
2 0.56796875 0.4609375 0.0546875 0.05
0 0.61796875 0.5109375 0.0265625 0.03359375
0 0.57421875 0.4984375 0.0234375 0.025
0 0.54140625 0.49296875 0.0234375 0.025
0 0.61953125 0.534375 0.0265625 0.025
0 0.55 0.5109375 0.021875 0.028125
3 0.53515625 0.465625 0.0265625 0.0359375
1 0.66328125 0.5375 0.0265625 0.0359375
1 0.596875 0.50703125 0.01875 0.025
1 0.47734375 0.88046875 0.0390625 0.14453125
3 0.421875 0.4359375 0.015625 0.0390625
0 0.51015625 0.5515625 0.0328125 0.046875
3 0.4796875 0.4875 0.01875 0.04140625
3 0.4921875 0.459375 0.01875 0.03046875
2 0.5 0.421875 0.021875 0.028125
1 0.51171875 0.46640625 0.0140625 0.021875
0 0.46171875 0.4625 0.0078125 0.0359375
3 0.45234375 0.425 0.0109375 0.01640625
0 0.45703125 0.4484375 0.0140625 0.025
3 0.484375 0.43046875 0.015625 0.021875
1 0.075 0.80703125 0.078125 0.13046875
