0 0.64296875 0.884375 0.1390625 0.225
0 0.65078125 0.51640625 0.0921875 0.11640625
0 0.89453125 0.60390625 0.1890625 0.11953125
0 0.059375 0.6640625 0.11875 0.1390625
3 0.15 0.5 0.09375 0.1109375
0 0.2 0.41796875 0.053125 0.053125
1 0.2171875 0.44609375 0.021875 0.06953125
0 0.1078125 0.47109375 0.065625 0.0859375
0 0.10234375 0.4484375 0.0640625 0.06953125
0 0.03046875 0.6 0.0609375 0.078125
3 0.08515625 0.3859375 0.0953125 0.1109375
0 0.02421875 0.51796875 0.0484375 0.0859375
1 0.11015625 0.865625 0.0796875 0.19140625
0 0.215625 0.875 0.14375 0.24453125
1 0.040625 0.946875 0.071875 0.1
1 0.31484375 0.68046875 0.0640625 0.171875
3 0.38515625 0.8265625 0.1234375 0.33046875
1 0.5078125 0.815625 0.084375 0.2359375
1 0.565625 0.7015625 0.071875 0.18046875
1 0.4828125 0.67890625 0.059375 0.146875
1 0.440625 0.63203125 0.05 0.153125
1 0.3765625 0.5984375 0.05 0.1359375
1 0.47421875 0.55390625 0.0390625 0.103125
0 0.5875 0.446875 0.046875 0.0890625
2 0.52421875 0.446875 0.0890625 0.2
3 0.453125 0.4765625 0.046875 0.11953125
3 0.3203125 0.5015625 0.0625 0.14140625
3 0.39765625 0.51640625 0.0546875 0.128125
3 0.384375 0.465625 0.053125 0.13046875
0 0.38671875 0.40546875 0.0359375 0.06640625
3 0.4359375 0.42109375 0.040625 0.09140625
0 0.45546875 0.35546875 0.0296875 0.05
0 0.421875 0.36796875 0.03125 0.046875
0 0.41875 0.34140625 0.025 0.03359375
0 0.38515625 0.35546875 0.0359375 0.05546875
3 0.3484375 0.359375 0.028125 0.08046875
0 0.33046875 0.4234375 0.0453125 0.046875
0 0.38671875 0.31796875 0.0234375 0.0359375
0 0.3796875 0.2875 0.01875 0.025
3 0.40078125 0.29296875 0.0171875 0.0359375
3 0.440625 0.2984375 0.025 0.0359375
3 0.45390625 0.32890625 0.0265625 0.046875
3 0.45546875 0.290625 0.0203125 0.03046875
3 0.46953125 0.2734375 0.0171875 0.03046875
0 0.4875 0.30546875 0.015625 0.03359375
2 0.503125 0.33203125 0.04375 0.04140625
2 0.50859375 0.31796875 0.0453125 0.0640625
2 0.44765625 0.25 0.0203125 0.06640625
2 0.4703125 0.25 0.01875 0.0390625
3 0.4265625 0.284375 0.01875 0.03046875
3 0.4046875 0.27109375 0.015625 0.01953125
0 0.41953125 0.26640625 0.0109375 0.021875
3 0.440625 0.2984375 0.025 0.0359375
3 0.38515625 0.27109375 0.0171875 0.025
1 0.20078125 0.359375 0.0296875 0.053125
0 0.25703125 0.375 0.0359375 0.04453125
1 0.26875 0.3265625 0.021875 0.0359375
1 0.74765625 0.5125 0.0609375 0.1140625
1 0.82421875 0.51796875 0.0765625 0.10859375
1 0.8671875 0.5125 0.025 0.075
0 0.01640625 0.44140625 0.0328125 0.0609375
1 0.209375 0.309375 0.015625 0.0359375
1 0.25390625 0.32109375 0.0171875 0.04140625
1 0.28359375 0.3109375 0.0171875 0.03359375
3 0.29453125 0.328125 0.0265625 0.0390625
0 0.3015625 0.29296875 0.021875 0.03046875
0 0.31953125 0.284375 0.0171875 0.025
1 0.3328125 0.2640625 0.009375 0.021875
3 0.36171875 0.25546875 0.0109375 0.01640625
0 0.3484375 0.25703125 0.0125 0.01953125
0 0.36171875 0.3390625 0.0203125 0.0390625
3 0.39296875 0.2515625 0.0109375 0.00859375
3 0.43203125 0.25859375 0.0109375 0.01640625
1 0.140625 0.40390625 0.021875 0.05859375
