0 0.05078125 0.42578125 0.1015625 0.3453125
0 0.2953125 0.13515625 0.3265625 0.2484375
0 0.33984375 0.8765625 0.3578125 0.246875
0 0.74921875 0.9140625 0.1796875 0.11875
0 0.8375 0.77109375 0.1328125 0.090625
0 0.925 0.725 0.0953125 0.065625
0 0.790625 0.61875 0.1234375 0.0703125
0 0.7609375 0.5546875 0.1484375 0.078125
0 0.74609375 0.49453125 0.1515625 0.0796875
0 0.67265625 0.3984375 0.1484375 0.096875
0 0.81796875 0.36796875 0.090625 0.059375
0 0.75234375 0.42109375 0.1234375 0.0765625
0 0.81171875 0.4140625 0.1015625 0.0640625
0 0.8484375 0.59375 0.0921875 0.0609375
0 0.82890625 0.54453125 0.09375 0.059375
0 0.94140625 0.5421875 0.053125 0.03125
0 0.97265625 0.5375 0.0390625 0.0296875
0 0.9046875 0.3859375 0.059375 0.034375
0 0.8546875 0.38046875 0.0796875 0.05
1 0.78515625 0.303125 0.0984375 0.0546875
1 0.8609375 0.3328125 0.0390625 0.0328125
1 0.88203125 0.34609375 0.053125 0.0328125
1 0.9 0.3640625 0.0484375 0.0390625
1 0.84375 0.4234375 0.0890625 0.0453125
0 0.7953125 0.471875 0.1171875 0.0703125
3 0.85390625 0.459375 0.09375 0.059375
3 0.91171875 0.4171875 0.0828125 0.046875
3 0.88671875 0.4640625 0.0984375 0.053125
3 0.875 0.51015625 0.115625 0.0640625
3 0.93671875 0.50234375 0.084375 0.0515625
3 0.95546875 0.4578125 0.0890625 0.046875
3 0.9640625 0.428125 0.065625 0.0359375
3 0.94921875 0.37734375 0.0671875 0.04375
0 0.9328125 0.3671875 0.0328125 0.028125
3 0.99140625 0.5265625 0.0171875 0.03125
2 0.98125 0.49609375 0.0375 0.0328125
1 0.96015625 0.47890625 0.0515625 0.025
3 0.96796875 0.40703125 0.0328125 0.01875
1 0.86875 0.54765625 0.084375 0.040625
3 0.91796875 0.57578125 0.115625 0.0625
0 0.61328125 0.90390625 0.1875 0.1421875
3 0.9390625 0.85 0.121875 0.140625
1 0.953125 0.75859375 0.075 0.03125
