1 0.83359375 0.871875 0.1390625 0.24453125
0 0.69453125 0.86640625 0.1609375 0.2609375
2 0.38515625 0.7 0.0984375 0.328125
3 0.5421875 0.68046875 0.1 0.3109375
0 0.62578125 0.5984375 0.0859375 0.15859375
1 0.70078125 0.55390625 0.0671875 0.15859375
1 0.74765625 0.6625 0.0453125 0.1640625
1 0.846875 0.4875 0.0625 0.11953125
1 0.7734375 0.45390625 0.053125 0.09140625
1 0.9015625 0.4984375 0.04375 0.11953125
0 0.26328125 0.734375 0.1296875 0.24140625
0 0.20546875 0.9515625 0.1453125 0.08046875
0 0.48359375 0.9234375 0.1234375 0.14140625
3 0.434375 0.53203125 0.06875 0.23046875
3 0.44921875 0.2640625 0.0328125 0.0609375
3 0.425 0.178125 0.0125 0.021875
3 0.50859375 0.3109375 0.0359375 0.071875
3 0.4359375 0.33203125 0.0375 0.09140625
3 0.41796875 0.25390625 0.0265625 0.05859375
3 0.4328125 0.20390625 0.015625 0.03046875
3 0.52734375 0.234375 0.0234375 0.03046875
3 0.35390625 0.38203125 0.0515625 0.10859375
0 0.36640625 0.3359375 0.0390625 0.0609375
0 0.3875 0.28203125 0.03125 0.053125
0 0.39609375 0.234375 0.0203125 0.0359375
1 0.41171875 0.203125 0.0109375 0.028125
1 0.40546875 0.221875 0.0140625 0.028125
3 0.41796875 0.19453125 0.0140625 0.028125
2 0.48203125 0.153125 0.0171875 0.03359375
0 0.55234375 0.365625 0.0390625 0.075
0 0.49609375 0.38359375 0.0390625 0.06640625
1 0.4734375 0.32890625 0.025 0.0640625
1 0.4640625 0.41796875 0.03125 0.06953125
1 0.51015625 0.4734375 0.0390625 0.10859375
0 0.58046875 0.33203125 0.0453125 0.05859375
3 0.553125 0.28046875 0.034375 0.0609375
1 0.51640625 0.2734375 0.0171875 0.04140625
1 0.4796875 0.2609375 0.015625 0.0390625
1 0.4484375 0.225 0.0125 0.01640625
1 0.4640625 0.23359375 0.0125 0.021875
1 0.4765625 0.2390625 0.0125 0.01640625
1 0.45234375 0.2109375 0.0109375 0.01640625
1 0.46640625 0.20390625 0.0109375 0.01953125
1 0.20234375 0.33203125 0.0359375 0.0640625
1 0.15390625 0.32890625 0.0359375 0.05859375
1 0.2859375 0.24453125 0.01875 0.04453125
1 0.02109375 0.51640625 0.0421875 0.0890625
0 0.059375 0.6234375 0.11875 0.1640625
0 0.1609375 0.4625 0.103125 0.096875
0 0.140625 0.390625 0.084375 0.075
3 0.05390625 0.39609375 0.1015625 0.103125
1 0.2296875 0.35 0.01875 0.06640625
0 0.27265625 0.32890625 0.0484375 0.05859375
0 0.24296875 0.3015625 0.0390625 0.053125
0 0.29453125 0.28359375 0.0234375 0.05546875
0 0.3203125 0.240625 0.021875 0.025
2 0.225 0.253125 0.075 0.0890625
1 0.31015625 0.2140625 0.0046875 0.028125
0 0.04453125 0.325 0.0546875 0.05
3 0.12265625 0.278125 0.0953125 0.10546875
0 0.03359375 0.475 0.0671875 0.071875
0 0.31796875 0.52890625 0.0828125 0.13046875
0 0.43046875 0.225 0.0171875 0.021875
0 0.5 0.221875 0.015625 0.028125
0 0.48671875 0.23359375 0.0171875 0.028125
0 0.4703125 0.22109375 0.015625 0.01953125
2 0.48671875 0.1890625 0.0203125 0.04453125
0 0.5296875 0.25390625 0.01875 0.03046875
0 0.49921875 0.259375 0.0234375 0.0359375
3 0.50625 0.19609375 0.015625 0.025
3 0.4625 0.18203125 0.009375 0.01953125
2 0.50390625 0.16796875 0.0203125 0.03046875
0 0.51875 0.22109375 0.01875 0.025
0 0.5125 0.20703125 0.015625 0.0140625
3 0.43828125 0.184375 0.0109375 0.01953125
3 0.44296875 0.16953125 0.0109375 0.01640625
0 0.45703125 0.16796875 0.0109375 0.0140625
0 0.375 0.178125 0.0125 0.01640625
2 0.4359375 0.14296875 0.0125 0.01953125
