1 0.284375 0.625 0.425 0.73359375
1 0.659375 0.60390625 0.246875 0.76953125
1 0.8859375 0.62109375 0.2125 0.7359375
2 0.81171875 0.26953125 0.1484375 0.28359375
2 0.59765625 0.1859375 0.1578125 0.15546875
2 0.72421875 0.21953125 0.0296875 0.1109375
1 0.57734375 0.434375 0.0734375 0.3640625
1 0.4625 0.44609375 0.11875 0.40859375
1 0.52265625 0.38203125 0.0578125 0.2859375
2 0.9640625 0.2125 0.0625 0.14140625
1 0.1390625 0.34140625 0.084375 0.16640625
1 0.8890625 0.628125 0.215625 0.721875
1 0.02890625 0.3640625 0.0578125 0.221875
