1 0.50859375 0.7875 0.4640625 0.40859375
1 0.853125 0.625 0.290625 0.7109375
1 0.20234375 0.59140625 0.2609375 0.69453125
3 0.29296875 0.2734375 0.2046875 0.3359375
1 0.61796875 0.23046875 0.1109375 0.18359375
0 0.7140625 0.2359375 0.1125 0.14453125
2 0.11640625 0.19453125 0.2109375 0.3
2 0.02890625 0.40859375 0.0578125 0.721875
3 0.6265625 0.14296875 0.1125 0.0859375
1 0.49921875 0.38203125 0.1796875 0.453125
3 0.91015625 0.20390625 0.1734375 0.1640625
1 0.8171875 0.20859375 0.103125 0.121875
2 0.3203125 0.12109375 0.08125 0.06953125
