0 0.72734375 0.309375 0.1765625 0.20859375
0 0.83203125 0.2375 0.1328125 0.096875
2 0.8125 0.19453125 0.178125 0.121875
1 0.6203125 0.259375 0.04375 0.13046875
1 0.5328125 0.26796875 0.046875 0.103125
1 0.5796875 0.253125 0.021875 0.0609375
1 0.31953125 0.30859375 0.0734375 0.13359375
2 0.30703125 0.25703125 0.1015625 0.146875
1 0.06875 0.346875 0.1125 0.1609375
1 0.20078125 0.3125 0.0265625 0.075
1 0.034375 0.34140625 0.053125 0.1109375
1 0.13125 0.33203125 0.034375 0.08046875
2 0.45859375 0.240625 0.0453125 0.05859375
0 0.48984375 0.253125 0.0140625 0.021875
