1 0.61015625 0.3265625 0.7375 0.346875
1 0.434375 0.6875 0.5390625 0.2109375
2 0.425 0.13984375 0.84375 0.2796875
1 0.2609375 0.56953125 0.3203125 0.1125
3 0.18828125 0.4453125 0.2625 0.153125
2 0.10546875 0.2609375 0.20625 0.1578125
2 0.0734375 0.35625 0.121875 0.1390625
2 0.1140625 0.5109375 0.1671875 0.1140625
1 0.16328125 0.62734375 0.0984375 0.0609375
3 0.1765625 0.828125 0.3140625 0.234375
1 0.2765625 0.93515625 0.2265625 0.1171875
3 0.13125 0.66953125 0.0921875 0.071875
2 0.0890625 0.60625 0.0921875 0.053125
1 0.175 0.25703125 0.1484375 0.090625
