0 0.15390625 0.925 0.2921875 0.1390625
0 0.49453125 0.9265625 0.2578125 0.1359375
3 0.515625 0.82109375 0.2 0.1859375
3 0.73515625 0.69453125 0.1609375 0.2
0 0.8703125 0.73203125 0.15 0.18046875
3 0.73671875 0.90390625 0.1953125 0.175
0 0.9015625 0.59140625 0.1125 0.1109375
1 0.95078125 0.83203125 0.0828125 0.246875
1 0.965625 0.921875 0.05625 0.13359375
0 0.9765625 0.515625 0.040625 0.096875
1 0.12578125 0.7625 0.0921875 0.11953125
1 0.465625 0.56796875 0.06875 0.13046875
0 0.434375 0.44296875 0.075 0.0859375
1 0.49140625 0.540625 0.0171875 0.053125
3 0.55625 0.45 0.065625 0.0609375
1 0.571875 0.5125 0.034375 0.04140625
0 0.01796875 0.5765625 0.0359375 0.103125
1 0.01484375 0.50546875 0.0296875 0.0609375
