1 0.76328125 0.81796875 0.20625 0.0859375
3 0.72109375 0.68828125 0.15625 0.0953125
1 0.71875 0.74765625 0.0953125 0.0578125
1 0.7203125 0.7875 0.09375 0.053125
3 0.6984375 0.6328125 0.059375 0.0328125
2 0.67265625 0.53984375 0.1421875 0.0765625
0 0.69765625 0.46015625 0.0515625 0.0421875
1 0.6953125 0.4015625 0.0609375 0.0234375
1 0.70234375 0.4921875 0.0484375 0.01875
3 0.61328125 0.20390625 0.146875 0.1625
2 0.61796875 0.10859375 0.1078125 0.0984375
0 0.68203125 0.31875 0.034375 0.0515625
0 0.69765625 0.48125 0.0328125 0.01875
