1 0.08359375 0.67890625 0.1640625 0.625
2 0.09765625 0.40546875 0.1953125 0.2609375
1 0.3546875 0.44296875 0.13125 0.1859375
0 0.26953125 0.45 0.0734375 0.11640625
1 0.5875 0.3765625 0.028125 0.1140625
1 0.6953125 0.35859375 0.0375 0.1109375
3 0.6515625 0.3375 0.065625 0.075
1 0.75234375 0.328125 0.0203125 0.071875
1 0.83046875 0.346875 0.0609375 0.1609375
1 0.8890625 0.3359375 0.046875 0.18359375
1 0.946875 0.33046875 0.1 0.1890625
1 0.25546875 0.41640625 0.0265625 0.05
2 0.609375 0.328125 0.059375 0.05546875
3 0.8828125 0.715625 0.221875 0.546875
