0 0.05703125 0.86953125 0.1109375 0.1390625
1 0.09453125 0.8875 0.0703125 0.13046875
1 0.27578125 0.8625 0.0734375 0.175
3 0.04609375 0.59296875 0.0640625 0.08046875
1 0.090625 0.740625 0.06875 0.10859375
1 0.02890625 0.6625 0.0421875 0.10859375
1 0.03671875 0.76796875 0.0703125 0.103125
1 0.1484375 0.809375 0.053125 0.1640625
0 0.2703125 0.75546875 0.125 0.11640625
0 0.046875 0.5375 0.05 0.04140625
0 0.20859375 0.58203125 0.0734375 0.08046875
0 0.59765625 0.865625 0.1828125 0.196875
0 0.80625 0.6625 0.071875 0.1359375
0 0.76171875 0.48203125 0.0453125 0.06953125
3 0.83671875 0.44140625 0.0890625 0.128125
1 0.96171875 0.884375 0.0671875 0.2140625
1 0.9359375 0.6984375 0.084375 0.153125
1 0.78984375 0.7875 0.1328125 0.18046875
1 0.67578125 0.659375 0.0828125 0.15859375
2 0.46328125 0.63359375 0.2515625 0.25546875
3 0.42734375 0.865625 0.1921875 0.2359375
