1 0.93359375 0.45625 0.1328125 0.103125
1 0.7984375 0.8796875 0.184375 0.1265625
1 0.6328125 0.7828125 0.11875 0.0796875
1 0.59375 0.75390625 0.0890625 0.0640625
1 0.565625 0.73359375 0.0734375 0.0578125
1 0.55078125 0.7 0.0671875 0.0484375
1 0.50546875 0.69140625 0.03125 0.0375
1 0.51171875 0.76484375 0.0390625 0.0421875
1 0.67734375 0.41328125 0.090625 0.0546875
1 0.74296875 0.22421875 0.08125 0.065625
1 0.6953125 0.2171875 0.034375 0.046875
0 0.62734375 0.275 0.0546875 0.0515625
2 0.86171875 0.2671875 0.2765625 0.246875
0 0.73671875 0.5234375 0.121875 0.0875
0 0.53671875 0.3953125 0.040625 0.03125
0 0.45546875 0.38984375 0.0203125 0.015625
0 0.43203125 0.38671875 0.0125 0.0078125
0 0.4328125 0.403125 0.0109375 0.009375
0 0.77265625 0.96953125 0.2171875 0.0609375
0 0.640625 0.9328125 0.1359375 0.13125
0 0.70546875 0.9 0.175 0.14375
0 0.596875 0.85078125 0.0984375 0.0859375
0 0.6515625 0.715625 0.1125 0.103125
0 0.73125 0.68984375 0.1546875 0.1109375
3 0.7859375 0.778125 0.2203125 0.18125
0 0.72578125 0.784375 0.15 0.1234375
0 0.85 0.953125 0.1125 0.09375
3 0.6109375 0.97734375 0.121875 0.0453125
0 0.57109375 0.915625 0.128125 0.11875
0 0.56015625 0.78203125 0.103125 0.090625
0 0.5234375 0.7234375 0.0328125 0.0453125
1 0.671875 0.61328125 0.1078125 0.053125
1 0.659375 0.6421875 0.1 0.0453125
1 0.6296875 0.65234375 0.0671875 0.028125
1 0.63828125 0.66640625 0.053125 0.0296875
1 0.58671875 0.68671875 0.05625 0.059375
3 0.58359375 0.63125 0.0890625 0.071875
1 0.50546875 0.7359375 0.046875 0.04375
1 0.50859375 0.69375 0.04375 0.04375
0 0.63671875 0.60546875 0.103125 0.08125
0 0.56171875 0.6703125 0.0578125 0.0640625
0 0.59375 0.5703125 0.078125 0.0625
0 0.5625 0.59453125 0.0609375 0.0515625
0 0.53828125 0.56484375 0.0484375 0.0453125
0 0.56328125 0.54453125 0.06875 0.0515625
0 0.5203125 0.6515625 0.0625 0.05625
0 0.515625 0.59921875 0.04375 0.046875
0 0.49140625 0.64921875 0.028125 0.0375
1 0.49296875 0.60390625 0.0265625 0.0265625
0 0.503125 0.57421875 0.0453125 0.0390625
1 0.51640625 0.5453125 0.040625 0.0296875
3 0.5203125 0.5078125 0.0671875 0.046875
2 0.446875 0.5578125 0.0609375 0.0640625
0 0.484375 0.6171875 0.0390625 0.034375
0 0.48203125 0.571875 0.0296875 0.028125
0 0.48359375 0.5390625 0.0296875 0.028125
0 0.50625 0.62421875 0.0296875 0.03125
0 0.49921875 0.5515625 0.0328125 0.028125
3 0.45859375 0.5265625 0.040625 0.034375
1 0.5 0.6671875 0.040625 0.034375
1 0.48515625 0.59609375 0.028125 0.0234375
1 0.87578125 0.56328125 0.1484375 0.0703125
3 0.45546875 0.409375 0.0421875 0.0234375
0 0.54765625 0.521875 0.053125 0.0421875
3 0.4921875 0.47734375 0.04375 0.028125
3 0.4625 0.48359375 0.034375 0.025
2 0.42421875 0.4828125 0.0328125 0.028125
1 0.46484375 0.50390625 0.025 0.01875
0 0.471875 0.45390625 0.0375 0.015625
3 0.4375 0.43671875 0.0171875 0.0140625
0 0.459375 0.446875 0.028125 0.01875
3 0.4359375 0.46875 0.025 0.0203125
1 0.89453125 0.1546875 0.1453125 0.10625
