1 0.09765625 0.74296875 0.0359375 0.1140625
1 0.16953125 0.771875 0.0328125 0.128125
1 0.19765625 0.7390625 0.0296875 0.1109375
1 0.24921875 0.48359375 0.0171875 0.04453125
0 0.06640625 0.64453125 0.0828125 0.08359375
1 0.60078125 0.85859375 0.0453125 0.178125
1 0.6484375 0.821875 0.046875 0.121875
1 0.6984375 0.83046875 0.05 0.0890625
1 0.71484375 0.5484375 0.0203125 0.0359375
1 0.96171875 0.72890625 0.0265625 0.075
1 0.82109375 0.6234375 0.0171875 0.04140625
1 0.27578125 0.58359375 0.0359375 0.0890625
1 0.28984375 0.48203125 0.0203125 0.046875
1 0.74609375 0.75703125 0.0828125 0.09140625
1 0.878125 0.8640625 0.096875 0.18359375
1 0.85 0.790625 0.08125 0.125
1 0.78203125 0.6984375 0.0578125 0.103125
1 0.8265625 0.74140625 0.071875 0.1109375
1 0.78515625 0.62890625 0.0515625 0.053125
1 0.8609375 0.64140625 0.059375 0.06640625
1 0.74921875 0.60390625 0.0453125 0.05859375
1 0.65 0.5609375 0.040625 0.0390625
1 0.89765625 0.66796875 0.0609375 0.05859375
0 0.71875 0.63203125 0.075 0.0859375
0 0.671875 0.6515625 0.075 0.0640625
0 0.60390625 0.67109375 0.0640625 0.09140625
0 0.5578125 0.709375 0.08125 0.11953125
0 0.90390625 0.746875 0.1234375 0.15
0 0.97265625 0.84296875 0.0484375 0.14140625
0 0.68515625 0.93203125 0.1328125 0.13046875
0 0.76796875 0.8625 0.1328125 0.15859375
0 0.84609375 0.9515625 0.1578125 0.0859375
0 0.97265625 0.9484375 0.0484375 0.0859375
3 0.63203125 0.5984375 0.0671875 0.0640625
0 0.67578125 0.59609375 0.0484375 0.053125
0 0.7265625 0.58046875 0.053125 0.03359375
3 0.68125 0.55859375 0.05 0.04453125
1 0.63671875 0.54609375 0.0328125 0.04140625
3 0.6046875 0.534375 0.040625 0.046875
0 0.596875 0.57109375 0.053125 0.075
3 0.659375 0.72109375 0.096875 0.13046875
0 0.72890625 0.7109375 0.0921875 0.09453125
0 0.52421875 0.65546875 0.0609375 0.10546875
3 0.48125 0.5609375 0.05 0.1
0 0.34765625 0.6015625 0.0515625 0.0859375
0 0.35078125 0.52109375 0.0453125 0.053125
0 0.34609375 0.45703125 0.0265625 0.04140625
0 0.31015625 0.4125 0.0203125 0.03046875
3 0.3515625 0.37890625 0.015625 0.04140625
0 0.33046875 0.38203125 0.0109375 0.01953125
0 0.32421875 0.3734375 0.0109375 0.01953125
1 0.30546875 0.365625 0.0109375 0.01953125
0 0.5953125 0.7984375 0.1 0.15859375
2 0.61484375 0.4734375 0.0921875 0.09140625
3 0.5421875 0.475 0.05 0.071875
3 0.44921875 0.50703125 0.0265625 0.06953125
3 0.46640625 0.465625 0.0296875 0.046875
2 0.48125 0.40703125 0.04375 0.053125
1 0.50234375 0.475 0.0203125 0.03359375
3 0.4546875 0.4125 0.025 0.0359375
3 0.41796875 0.46640625 0.0203125 0.05546875
3 0.40234375 0.41640625 0.0171875 0.04453125
3 0.42265625 0.40390625 0.0171875 0.025
3 0.4234375 0.39609375 0.01875 0.04140625
0 0.5484375 0.521875 0.034375 0.0390625
0 0.51796875 0.56953125 0.0265625 0.06640625
1 0.54296875 0.58046875 0.0390625 0.06640625
0 0.49453125 0.6125 0.0515625 0.08046875
2 0.1890625 0.6015625 0.096875 0.203125
