1 0.096875 0.50390625 0.19375 0.1140625
1 0.27578125 0.46796875 0.03125 0.0390625
0 0.44921875 0.46640625 0.03515625 0.0203125
2 0.38984375 0.45859375 0.02890625 0.0265625
0 0.46796875 0.4625 0.02265625 0.01875
1 0.51171875 0.4625 0.00625 0.0125
0 0.49765625 0.4578125 0.00859375 0.00625
2 0.51796875 0.45625 0.01015625 0.0125
1 0.540625 0.4609375 0.01015625 0.0125
2 0.54375 0.4578125 0.00859375 0.009375
1 0.53046875 0.45859375 0.00234375 0.0046875
0 0.79921875 0.47578125 0.10234375 0.0265625
0 0.709375 0.46875 0.05625 0.025
0 0.65 0.4671875 0.02890625 0.0125
0 0.61328125 0.46328125 0.02265625 0.0140625
0 0.59921875 0.4625 0.01484375 0.009375
2 0.55234375 0.45625 0.00859375 0.00625
0 0.56640625 0.45859375 0.0125 0.0046875
1 0.67734375 0.46640625 0.00859375 0.0109375
1 0.421875 0.46015625 0.01484375 0.0171875
1 0.94296875 0.48125 0.02734375 0.0375
