0 0.890625 0.68046875 0.1 0.1109375
0 0.9546875 0.653125 0.0625 0.078125
2 0.9359375 0.60390625 0.1125 0.09140625
1 0.678125 0.65390625 0.0625 0.08046875
1 0.6984375 0.653125 0.040625 0.078125
1 0.8265625 0.63359375 0.034375 0.0609375
0 0.528125 0.6859375 0.1 0.071875
1 0.13359375 0.74609375 0.0515625 0.125
0 0.21875 0.6875 0.05 0.0640625
2 0.16484375 0.65 0.0546875 0.0890625
2 0.06875 0.66796875 0.053125 0.09140625
0 0.30078125 0.66796875 0.0421875 0.04140625
1 0.7578125 0.6375 0.028125 0.05859375
1 0.8578125 0.6265625 0.01875 0.04140625
1 0.03515625 0.675 0.0140625 0.05
1 0.26328125 0.65703125 0.0140625 0.0359375
