3 0.09140625 0.80390625 0.1609375 0.1234375
0 0.08203125 0.6078125 0.146875 0.234375
0 0.1140625 0.46171875 0.2 0.2234375
0 0.0625 0.16953125 0.103125 0.2859375
0 0.26796875 0.77421875 0.146875 0.1828125
1 0.365625 0.86640625 0.125 0.1140625
1 0.3765625 0.7296875 0.103125 0.06875
1 0.34296875 0.6515625 0.11875 0.09375
1 0.32890625 0.5234375 0.125 0.090625
1 0.3625 0.49921875 0.1140625 0.0765625
1 0.5734375 0.79453125 0.059375 0.0296875
1 0.5390625 0.8515625 0.0609375 0.021875
1 0.58359375 0.83046875 0.05 0.0171875
0 0.49609375 0.671875 0.075 0.046875
0 0.49296875 0.61328125 0.08125 0.0453125
0 0.49609375 0.56171875 0.0859375 0.0421875
1 0.40390625 0.125 0.109375 0.071875
0 0.465625 0.47265625 0.08125 0.0546875
0 0.49609375 0.43359375 0.08125 0.0546875
3 0.54296875 0.44453125 0.08125 0.0359375
0 0.509375 0.50234375 0.06875 0.0390625
0 0.5765625 0.48203125 0.046875 0.0296875
1 0.59296875 0.44765625 0.01875 0.0203125
1 0.6 0.459375 0.034375 0.01875
1 0.57109375 0.5171875 0.046875 0.021875
3 0.609375 0.521875 0.059375 0.025
3 0.64609375 0.5390625 0.0359375 0.021875
0 0.54296875 0.50703125 0.053125 0.0359375
0 0.55859375 0.47109375 0.04375 0.0234375
0 0.5359375 0.66328125 0.0609375 0.0390625
0 0.5390625 0.615625 0.05 0.040625
1 0.56796875 0.6234375 0.046875 0.021875
3 0.5734375 0.59453125 0.075 0.0359375
3 0.56953125 0.5484375 0.05625 0.03125
3 0.528125 0.55078125 0.065625 0.0390625
3 0.590625 0.5578125 0.0640625 0.028125
3 0.634375 0.56484375 0.059375 0.0234375
1 0.63203125 0.5796875 0.0359375 0.0125
1 0.609375 0.48125 0.03125 0.021875
3 0.64296875 0.49609375 0.040625 0.0234375
3 0.59140625 0.5140625 0.034375 0.025
0 0.6109375 0.49765625 0.034375 0.0203125
3 0.6625 0.590625 0.03125 0.015625
2 0.65390625 0.60078125 0.03125 0.0171875
3 0.61796875 0.59765625 0.046875 0.0296875
3 0.59609375 0.65859375 0.0640625 0.0359375
0 0.6109375 0.63125 0.034375 0.01875
0 0.63046875 0.6328125 0.015625 0.021875
3 0.65546875 0.63046875 0.034375 0.0203125
2 0.69453125 0.54453125 0.0390625 0.0203125
2 0.70546875 0.52578125 0.028125 0.0203125
3 0.678125 0.59765625 0.021875 0.0140625
0 0.67109375 0.61953125 0.01875 0.0171875
3 0.66796875 0.56796875 0.009375 0.0203125
3 0.6875 0.5734375 0.009375 0.0125
0 0.65390625 0.52421875 0.01875 0.0109375
3 0.684375 0.52421875 0.025 0.0140625
1 0.48359375 0.92265625 0.084375 0.0421875
3 0.5875 0.91640625 0.109375 0.0953125
0 0.684375 0.66640625 0.01875 0.0171875
3 0.6984375 0.66484375 0.009375 0.0171875
3 0.70703125 0.60390625 0.0140625 0.0109375
3 0.69140625 0.59140625 0.015625 0.0109375
0 0.69453125 0.565625 0.015625 0.009375
