1 0.1484375 0.71640625 0.059375 0.2
3 0.2828125 0.69296875 0.075 0.146875
1 0.22421875 0.68203125 0.0453125 0.09140625
1 0.184375 0.678125 0.040625 0.0890625
3 0.340625 0.678125 0.025 0.05546875
2 0.43671875 0.665625 0.0578125 0.1359375
0 0.51171875 0.7015625 0.0359375 0.046875
1 0.5703125 0.70703125 0.015625 0.05859375
1 0.4796875 0.7015625 0.0125 0.046875
3 0.77734375 0.653125 0.1453125 0.128125
2 0.87109375 0.67109375 0.0859375 0.096875
0 0.65390625 0.70546875 0.0484375 0.028125
0 0.49140625 0.6984375 0.0140625 0.03046875
