0 0.35625 0.27890625 0.14140625 0.0734375
0 0.834375 0.415625 0.32265625 0.29375
0 0.0625 0.26640625 0.07109375 0.0390625
0 0.16171875 0.25859375 0.04375 0.0328125
1 0.18828125 0.26171875 0.02734375 0.0453125
1 0.21328125 0.2671875 0.02734375 0.05
0 0.234375 0.26328125 0.04375 0.0359375
0 0.25546875 0.25703125 0.03515625 0.0265625
1 0.090625 0.259375 0.04375 0.040625
3 0.15625 0.2390625 0.04609375 0.025
1 0.128125 0.25234375 0.01484375 0.0265625
2 0.090625 0.23359375 0.02734375 0.0109375
2 0.06328125 0.2359375 0.02265625 0.009375
