3 0.45703125 0.91796875 0.1546875 0.146875
0 0.7015625 0.740625 0.10625 0.18046875
0 0.75234375 0.59453125 0.0953125 0.11640625
0 0.58203125 0.64140625 0.0578125 0.11640625
0 0.41171875 0.5625 0.0515625 0.0859375
0 0.4328125 0.49296875 0.04375 0.0640625
0 0.5734375 0.4484375 0.03125 0.05859375
0 0.55546875 0.40703125 0.0234375 0.04140625
0 0.60234375 0.43359375 0.0265625 0.04453125
0 0.56015625 0.37890625 0.0234375 0.03046875
0 0.4828125 0.384375 0.021875 0.0359375
0 0.41953125 0.821875 0.1078125 0.20546875
0 0.2109375 0.68046875 0.10625 0.11640625
0 0.31484375 0.50703125 0.0546875 0.06953125
0 0.19140625 0.52890625 0.0734375 0.0640625
0 0.32734375 0.434375 0.0390625 0.0359375
0 0.06640625 0.6234375 0.1140625 0.10859375
0 0.06640625 0.89296875 0.1265625 0.19140625
0 0.56875 0.35703125 0.01875 0.01953125
0 0.55546875 0.35390625 0.0140625 0.01953125
0 0.51953125 0.325 0.0109375 0.01640625
0 0.45625 0.309375 0.009375 0.00859375
0 0.4453125 0.4234375 0.028125 0.046875
0 0.51875 0.396875 0.021875 0.03359375
1 0.6390625 0.915625 0.090625 0.15859375
1 0.55625 0.81640625 0.065625 0.20546875
1 0.5484375 0.56796875 0.0375 0.096875
1 0.54296875 0.45703125 0.0234375 0.05859375
1 0.4546875 0.4 0.015625 0.028125
1 0.48984375 0.4125 0.0171875 0.04140625
1 0.51328125 0.40859375 0.0171875 0.03359375
1 0.53515625 0.421875 0.0203125 0.04453125
1 0.54296875 0.365625 0.0109375 0.03046875
1 0.52734375 0.359375 0.0109375 0.03046875
1 0.51171875 0.365625 0.0109375 0.03046875
1 0.509375 0.359375 0.0125 0.025
1 0.109375 0.65390625 0.06875 0.11953125
1 0.21015625 0.559375 0.0453125 0.0859375
1 0.25546875 0.58046875 0.0484375 0.09453125
1 0.25546875 0.509375 0.0421875 0.05859375
1 0.31484375 0.40703125 0.0203125 0.0359375
0 0.28125 0.4765625 0.046875 0.053125
0 0.34453125 0.46640625 0.0390625 0.05
2 0.3671875 0.36796875 0.04375 0.0640625
1 0.39296875 0.359375 0.0109375 0.025
1 0.46640625 0.3609375 0.0140625 0.028125
2 0.53984375 0.29453125 0.0171875 0.028125
2 0.54296875 0.33203125 0.0203125 0.04140625
2 0.56015625 0.3125 0.0203125 0.04140625
2 0.515625 0.29296875 0.0125 0.01953125
3 0.49296875 0.29140625 0.0109375 0.021875
3 0.48359375 0.325 0.0109375 0.028125
3 0.475 0.34296875 0.015625 0.025
3 0.4875 0.3625 0.01875 0.03046875
3 0.49296875 0.34453125 0.0140625 0.028125
3 0.51328125 0.334375 0.0140625 0.025
0 0.42734375 0.34140625 0.0140625 0.021875
3 0.5015625 0.5859375 0.05625 0.1390625
3 0.60625 0.54140625 0.0625 0.121875
3 0.6578125 0.4875 0.05625 0.096875
1 0.8515625 0.584375 0.06875 0.1140625
1 0.92109375 0.6015625 0.0671875 0.11953125
0 0.59375 0.3859375 0.025 0.0390625
0 0.58515625 0.36796875 0.0171875 0.025
3 0.56328125 0.33203125 0.0140625 0.025
3 0.503125 0.3109375 0.0125 0.0109375
3 0.3859375 0.64453125 0.078125 0.16640625
3 0.459375 0.45 0.03125 0.071875
3 0.290625 0.43359375 0.04375 0.05
0 0.01484375 0.73046875 0.0296875 0.071875
1 0.59296875 0.4625 0.0265625 0.04140625
1 0.6171875 0.453125 0.015625 0.05546875
1 0.48671875 0.675 0.0390625 0.1109375
3 0.19609375 0.44296875 0.0890625 0.103125
0 0.3921875 0.3859375 0.021875 0.021875
0 0.12421875 0.5 0.0515625 0.05546875
1 0.36484375 0.409375 0.0109375 0.0359375
1 0.74375 0.92890625 0.05625 0.125
