0 0.84609375 0.4875 0.28359375 0.103125
0 0.33359375 0.47578125 0.225 0.0984375
1 0.23203125 0.4390625 0.06484375 0.05625
0 0.38515625 0.4390625 0.09140625 0.040625
0 0.18984375 0.43515625 0.03359375 0.0421875
1 0.128125 0.43515625 0.03125 0.0515625
0 0.16953125 0.42265625 0.03515625 0.0203125
3 0.16953125 0.41015625 0.02734375 0.0078125
2 0.15703125 0.40234375 0.03125 0.0109375
3 0.25546875 0.41328125 0.05234375 0.0359375
0 0.10859375 0.41796875 0.02109375 0.0203125
2 0.13359375 0.40234375 0.02109375 0.0078125
3 0.19453125 0.4109375 0.01875 0.00625
1 0.2 0.41171875 0.01640625 0.0046875
2 0.29453125 0.40859375 0.02734375 0.0109375
