0 0.5125 0.15390625 0.103125 0.284375
0 0.52421875 0.66640625 0.0984375 0.225
1 0.5609375 0.76796875 0.05625 0.065625
0 0.5609375 0.61484375 0.040625 0.090625
0 0.56484375 0.81015625 0.0421875 0.034375
1 0.56484375 0.871875 0.0515625 0.03125
0 0.57734375 0.83046875 0.0203125 0.034375
3 0.58984375 0.83046875 0.0078125 0.028125
2 0.59765625 0.84296875 0.0109375 0.03125
3 0.58671875 0.74453125 0.0359375 0.053125
0 0.58203125 0.89140625 0.0203125 0.021875
2 0.59765625 0.86640625 0.0078125 0.021875
3 0.5890625 0.80546875 0.00625 0.01875
1 0.58828125 0.8 0.0046875 0.015625
2 0.59140625 0.70546875 0.0109375 0.028125
