1 0.634375 0.7171875 0.365625 0.5296875
1 0.4609375 0.83515625 0.4 0.3296875
3 0.33359375 0.53203125 0.2078125 0.2921875
2 0.37421875 0.4296875 0.1609375 0.234375
1 0.175 0.58984375 0.121875 0.221875
1 0.22578125 0.53359375 0.0828125 0.1671875
1 0.05625 0.5984375 0.1125 0.175
3 0.88515625 0.4734375 0.2296875 0.4375
3 0.778125 0.42890625 0.21875 0.2984375
3 0.68125 0.39609375 0.125 0.1765625
3 0.6296875 0.37734375 0.0859375 0.1203125
1 0.49296875 0.42421875 0.05 0.09375
1 0.46796875 0.44375 0.0484375 0.090625
3 0.18125 0.4890625 0.0984375 0.0921875
