0 0.6734375 0.10625 0.1125 0.1015625
0 0.6453125 0.04296875 0.0796875 0.0640625
2 0.59609375 0.0625 0.0921875 0.1140625
1 0.65078125 0.31953125 0.0828125 0.0640625
1 0.65 0.29921875 0.078125 0.0421875
1 0.628125 0.17109375 0.0609375 0.0359375
0 0.68515625 0.46875 0.0734375 0.1015625
1 0.75234375 0.86171875 0.1265625 0.053125
0 0.6921875 0.778125 0.065625 0.0515625
2 0.65546875 0.8328125 0.090625 0.05625
2 0.67578125 0.928125 0.0921875 0.0546875
0 0.67109375 0.69609375 0.040625 0.0421875
1 0.6328125 0.23984375 0.059375 0.0296875
1 0.6203125 0.13984375 0.040625 0.01875
1 0.6828125 0.96171875 0.05 0.015625
1 0.6609375 0.73359375 0.0359375 0.0140625
