1 0.21328125 0.678125 0.3921875 0.63359375
3 0.12421875 0.446875 0.2453125 0.55
1 0.57578125 0.43203125 0.1578125 0.3859375
1 0.37734375 0.3265625 0.0984375 0.23046875
1 0.50390625 0.35390625 0.1140625 0.30859375
1 0.45 0.22890625 0.05625 0.15859375
2 0.9296875 0.23359375 0.134375 0.46640625
3 0.2921875 0.19609375 0.146875 0.21953125
2 0.465625 0.11640625 0.078125 0.08359375
1 0.76171875 0.275 0.1046875 0.221875
1 0.62578125 0.18203125 0.0421875 0.08046875
3 0.15078125 0.190625 0.1578125 0.1859375
1 0.6734375 0.153125 0.01875 0.05
1 0.55859375 0.153125 0.0359375 0.0609375
