1 0.89921875 0.6953125 0.2015625 0.609375
2 0.90078125 0.43359375 0.1984375 0.2734375
1 0.64921875 0.453125 0.14375 0.1953125
0 0.73359375 0.46640625 0.08125 0.1203125
1 0.42109375 0.37109375 0.0359375 0.115625
1 0.31484375 0.3453125 0.0453125 0.1140625
3 0.36015625 0.32734375 0.0703125 0.0796875
1 0.26015625 0.3109375 0.025 0.0734375
1 0.18125 0.32421875 0.071875 0.1640625
1 0.1234375 0.309375 0.059375 0.1875
1 0.06640625 0.3 0.1125 0.1953125
1 0.75 0.43359375 0.0296875 0.0515625
2 0.403125 0.32109375 0.0625 0.0609375
3 0.11640625 0.68828125 0.2328125 0.5609375
