0 0.25234375 0.409375 0.103125 0.153125
0 0.4921875 0.82734375 0.359375 0.3453125
0 0.17421875 0.1265625 0.0546875 0.078125
0 0.1890625 0.225 0.0421875 0.05
1 0.19765625 0.25 0.05 0.0375
1 0.20859375 0.27265625 0.0546875 0.0390625
0 0.209375 0.29453125 0.0453125 0.05
0 0.20859375 0.31640625 0.034375 0.0390625
1 0.1734375 0.15546875 0.05 0.0515625
3 0.16875 0.2234375 0.034375 0.0515625
1 0.175 0.19375 0.0296875 0.021875
2 0.1484375 0.1609375 0.0171875 0.0296875
2 0.14453125 0.13359375 0.0140625 0.0234375
