1 0.265625 0.6625 0.253125 0.63046875
2 0.06328125 0.5015625 0.1265625 0.95859375
1 0.55078125 0.8 0.3796875 0.38359375
1 0.65234375 0.4734375 0.1671875 0.403125
3 0.42109375 0.3984375 0.2578125 0.375
2 0.278125 0.26640625 0.1375 0.228125
2 0.1640625 0.30859375 0.11875 0.271875
0 0.92578125 0.3875 0.1421875 0.15859375
2 0.459375 0.24609375 0.08125 0.1140625
1 0.56015625 0.371875 0.0859375 0.2390625
1 0.51015625 0.284375 0.0265625 0.09140625
1 0.61484375 0.26953125 0.0234375 0.05
1 0.85546875 0.6765625 0.2765625 0.61953125
