0 0.44609375 0.4609375 0.0578125 0.121875
1 0.73828125 0.44140625 0.0640625 0.10546875
1 0.80703125 0.45 0.0546875 0.10546875
1 0.85078125 0.45546875 0.0390625 0.1
1 0.88671875 0.46796875 0.0234375 0.05859375
1 0.07421875 0.52109375 0.0390625 0.103125
0 0.140625 0.43359375 0.0625 0.0890625
1 0.05078125 0.44453125 0.0265625 0.0890625
1 0.19296875 0.325 0.0203125 0.05546875
1 0.16015625 0.33203125 0.0234375 0.05859375
1 0.22265625 0.31640625 0.0171875 0.0609375
1 0.2859375 0.234375 0.015625 0.0359375
1 0.37265625 0.31796875 0.0234375 0.05859375
1 0.41640625 0.25 0.0140625 0.0390625
1 0.48046875 0.309375 0.0234375 0.053125
1 0.53671875 0.2765625 0.0203125 0.04140625
1 0.55078125 0.284375 0.0234375 0.025
0 0.321875 0.409375 0.05 0.08046875
0 0.38203125 0.41953125 0.0515625 0.0890625
0 0.5328125 0.42109375 0.05625 0.0859375
0 0.56640625 0.38203125 0.0515625 0.08046875
0 0.45 0.375 0.046875 0.071875
0 0.3859375 0.35390625 0.040625 0.05859375
3 0.40625 0.30859375 0.0375 0.078125
3 0.340625 0.290625 0.034375 0.075
0 0.33828125 0.34609375 0.0421875 0.0640625
0 0.49921875 0.37109375 0.0453125 0.06953125
0 0.52890625 0.31796875 0.0234375 0.046875
0 0.51640625 0.2984375 0.0296875 0.046875
3 0.45078125 0.31640625 0.0359375 0.0609375
3 0.43984375 0.29453125 0.0296875 0.06640625
3 0.40078125 0.26796875 0.0296875 0.053125
0 0.36640625 0.27109375 0.0203125 0.0359375
3 0.478125 0.26953125 0.028125 0.0609375
3 0.48203125 0.2875 0.0265625 0.0359375
0 0.49375 0.33203125 0.0375 0.046875
1 0.51875 0.27109375 0.025 0.0359375
0 0.50078125 0.265625 0.0203125 0.0359375
3 0.503125 0.23359375 0.025 0.0390625
3 0.459375 0.23203125 0.021875 0.04140625
3 0.43515625 0.24609375 0.0234375 0.0640625
3 0.51328125 0.24453125 0.0203125 0.01640625
2 0.4546875 0.18203125 0.021875 0.046875
2 0.47109375 0.1734375 0.0203125 0.0359375
2 0.44921875 0.1515625 0.0171875 0.0359375
3 0.475 0.19296875 0.0125 0.025
2 0.3984375 0.228125 0.01875 0.03359375
0 0.36484375 0.246875 0.0203125 0.01640625
3 0.36875 0.2265625 0.025 0.0359375
3 0.38515625 0.190625 0.0203125 0.025
3 0.39140625 0.17109375 0.0140625 0.0140625
3 0.4078125 0.1859375 0.0125 0.01640625
3 0.40078125 0.2 0.0140625 0.021875
3 0.40703125 0.22109375 0.0203125 0.0359375
0 0.43046875 0.18203125 0.0109375 0.01953125
2 0.42421875 0.14609375 0.0140625 0.01953125
0 0.475 0.228125 0.0125 0.021875
0 0.27578125 0.221875 0.0265625 0.028125
1 0.33359375 0.17890625 0.0046875 0.01953125
1 0.325 0.1765625 0.00625 0.01953125
3 0.08515625 0.3015625 0.0953125 0.1140625
