0 0.8484375 0.44921875 0.3015625 0.3
0 0.37265625 0.3125 0.1453125 0.0703125
0 0.41171875 0.29765625 0.06875 0.046875
0 0.08046875 0.30390625 0.071875 0.0421875
0 0.178125 0.29375 0.04375 0.0296875
1 0.23046875 0.3 0.0328125 0.046875
0 0.271875 0.290625 0.03125 0.0265625
1 0.109375 0.29609375 0.04375 0.040625
1 0.146875 0.2890625 0.01875 0.028125
2 0.0828125 0.2703125 0.021875 0.0078125
3 0.175 0.26875 0.040625 0.0203125
1 0.2078125 0.29453125 0.0296875 0.0453125
2 0.1109375 0.26875 0.025 0.0109375
0 0.24921875 0.2953125 0.046875 0.0390625
2 0.3 0.26875 0.034375 0.0125
