1 0.90390625 0.11328125 0.134375 0.0796875
1 0.85 0.19609375 0.1125 0.065625
1 0.65390625 0.81953125 0.05625 0.0328125
1 0.65703125 0.78671875 0.06875 0.053125
1 0.63203125 0.87109375 0.0578125 0.0375
0 0.74921875 0.740625 0.1671875 0.1640625
0 0.75 0.62734375 0.1203125 0.128125
0 0.709375 0.71640625 0.1125 0.1453125
0 0.7703125 0.46328125 0.0875 0.0890625
1 0.7890625 0.2875 0.05625 0.0296875
0 0.84921875 0.1109375 0.059375 0.053125
2 0.81640625 0.075 0.040625 0.0296875
1 0.79140625 0.23125 0.0421875 0.01875
0 0.6453125 0.921875 0.0875 0.0765625
1 0.6296875 0.98203125 0.128125 0.0359375
