0 0.50234375 0.39609375 0.153125 0.3640625
0 0.55546875 0.490625 0.065625 0.14375
0 0.58515625 0.91796875 0.06875 0.1296875
1 0.5796875 0.75703125 0.0609375 0.0453125
1 0.58828125 0.7953125 0.059375 0.04375
1 0.60078125 0.83671875 0.0375 0.021875
1 0.61328125 0.89609375 0.0296875 0.0546875
2 0.63203125 0.93359375 0.0140625 0.0296875
1 0.6125 0.9640625 0.0328125 0.0234375
0 0.62109375 0.98359375 0.01875 0.0203125
2 0.63203125 0.95859375 0.0109375 0.021875
0 0.59765625 0.859375 0.0375 0.03125
3 0.6171875 0.846875 0.0390625 0.05
0 0.60546875 0.81875 0.0203125 0.0171875
2 0.615625 0.771875 0.0171875 0.0359375
0 0.61953125 0.9375 0.0109375 0.028125
0 0.58515625 0.75 0.0484375 0.071875
