0 0.65546875 0.571875 0.53125 0.203125
0 0.43671875 0.47265625 0.12734375 0.0640625
1 0.35390625 0.46953125 0.05390625 0.0765625
1 0.43828125 0.48046875 0.05625 0.0796875
1 0.13671875 0.47109375 0.04765625 0.0890625
1 0.08828125 0.46171875 0.03984375 0.0640625
1 0.26328125 0.465625 0.07734375 0.06875
0 0.19296875 0.4609375 0.06875 0.04375
0 0.115625 0.44140625 0.02734375 0.0203125
2 0.15546875 0.425 0.03125 0.0125
3 0.16953125 0.434375 0.02734375 0.009375
1 0.20078125 0.43515625 0.01875 0.0078125
