3 0.1734375 0.3921875 0.209375 0.209375
1 0.05546875 0.34140625 0.10625 0.1546875
0 0.13046875 0.7140625 0.221875 0.203125
3 0.12109375 0.8203125 0.23125 0.2375
0 0.29296875 0.93046875 0.18125 0.1328125
3 0.3265625 0.4703125 0.146875 0.128125
1 0.434375 0.60234375 0.109375 0.0640625
0 0.5515625 0.56953125 0.075 0.0796875
3 0.5484375 0.69921875 0.059375 0.0703125
1 0.478125 0.72109375 0.05625 0.0390625
0 0.40390625 0.13125 0.109375 0.071875
0 0.45703125 0.1703125 0.08125 0.065625
3 0.50546875 0.15390625 0.084375 0.0484375
0 0.415625 0.02265625 0.1140625 0.0453125
0 0.4484375 0.0875 0.0859375 0.05625
0 0.49609375 0.078125 0.059375 0.05
0 0.540625 0.09765625 0.046875 0.0359375
3 0.56796875 0.0453125 0.0640625 0.04375
1 0.5125 0.184375 0.06875 0.0375
0 0.4515625 0.0890625 0.08125 0.05625
0 0.4640625 0.02578125 0.071875 0.0515625
3 0.596875 0.01953125 0.05 0.0359375
3 0.60390625 0.07265625 0.053125 0.0359375
1 0.5625 0.125 0.0359375 0.03125
