0 0.64609375 0.83984375 0.4203125 0.3203125
2 0.80390625 0.65390625 0.3640625 0.2875
0 0.259375 0.62578125 0.184375 0.1453125
0 0.43359375 0.65625 0.1765625 0.13125
1 0.346875 0.61640625 0.0828125 0.0984375
2 0.42734375 0.58359375 0.171875 0.103125
1 0.49375 0.62890625 0.0625 0.0859375
1 0.54375 0.6484375 0.05625 0.090625
1 0.11328125 0.54375 0.028125 0.0578125
0 0.025 0.55859375 0.05 0.0796875
0 0.05546875 0.5375 0.0453125 0.059375
1 0.24296875 0.55703125 0.0234375 0.0234375
0 0.2234375 0.5546875 0.0234375 0.0296875
1 0.3125 0.58515625 0.0375 0.05
