0 0.84921875 0.45546875 0.29765625 0.2953125
0 0.37578125 0.31015625 0.14375 0.0671875
0 0.415625 0.29609375 0.06875 0.0453125
0 0.08359375 0.296875 0.07109375 0.040625
0 0.18203125 0.28828125 0.04375 0.0296875
1 0.234375 0.2953125 0.03125 0.046875
0 0.27578125 0.28671875 0.03125 0.0265625
1 0.11328125 0.2890625 0.04375 0.040625
1 0.15078125 0.2828125 0.01875 0.028125
2 0.08671875 0.26328125 0.02265625 0.0078125
3 0.17890625 0.26328125 0.04140625 0.0203125
1 0.21171875 0.28984375 0.02734375 0.0453125
2 0.11484375 0.26171875 0.025 0.0109375
0 0.253125 0.290625 0.04765625 0.0375
2 0.30390625 0.265625 0.03359375 0.0125
