1 0.08828125 0.8484375 0.1296875 0.16953125
1 0.8078125 0.90859375 0.140625 0.1609375
3 0.13359375 0.50546875 0.0921875 0.10546875
0 0.0546875 0.55703125 0.053125 0.05859375
1 0.5453125 0.80390625 0.09375 0.146875
1 0.4453125 0.771875 0.09375 0.13359375
1 0.29296875 0.7875 0.1046875 0.13046875
1 0.14765625 0.72890625 0.0984375 0.1140625
1 0.24296875 0.69609375 0.0890625 0.1140625
1 0.35390625 0.7265625 0.1609375 0.11953125
1 0.6796875 0.69609375 0.065625 0.103125
1 0.90078125 0.71640625 0.0546875 0.1
1 0.93515625 0.8390625 0.0515625 0.14453125
0 0.36171875 0.59609375 0.0421875 0.075
0 0.421875 0.60390625 0.046875 0.075
0 0.471875 0.60390625 0.04375 0.0859375
0 0.55859375 0.64140625 0.0546875 0.0890625
0 0.59765625 0.6140625 0.0546875 0.08359375
3 0.5890625 0.55703125 0.034375 0.06953125
0 0.5328125 0.590625 0.040625 0.06953125
1 0.51484375 0.534375 0.0203125 0.053125
3 0.484375 0.57109375 0.0375 0.0640625
3 0.440625 0.53046875 0.034375 0.078125
0 0.37109375 0.55703125 0.0390625 0.05859375
3 0.37734375 0.50546875 0.0359375 0.06640625
2 0.4359375 0.45390625 0.01875 0.04140625
3 0.4765625 0.5125 0.028125 0.0640625
3 0.48359375 0.5359375 0.0359375 0.05546875
0 0.52734375 0.55390625 0.0359375 0.046875
0 0.55 0.5265625 0.028125 0.046875
3 0.51171875 0.49296875 0.0296875 0.053125
3 0.471875 0.46796875 0.021875 0.05859375
3 0.4421875 0.5265625 0.034375 0.075
3 0.4390625 0.48359375 0.028125 0.0390625
3 0.496875 0.45859375 0.021875 0.0390625
3 0.53671875 0.459375 0.0234375 0.0359375
1 0.5734375 0.50390625 0.01875 0.0359375
1 0.5875 0.5125 0.025 0.01953125
1 0.55234375 0.49296875 0.0234375 0.03046875
3 0.5375 0.49296875 0.01875 0.0359375
2 0.49140625 0.409375 0.0203125 0.0359375
2 0.50859375 0.4015625 0.0171875 0.0359375
2 0.48828125 0.38046875 0.0140625 0.028125
2 0.4640625 0.38046875 0.0125 0.021875
0 0.40390625 0.4890625 0.0203125 0.03359375
0 0.40390625 0.465625 0.0171875 0.0140625
0 0.40390625 0.45859375 0.0203125 0.0109375
3 0.40859375 0.446875 0.0203125 0.03359375
3 0.440625 0.4234375 0.015625 0.01953125
3 0.428125 0.4125 0.0125 0.0140625
3 0.4328125 0.403125 0.0125 0.01640625
3 0.44609375 0.409375 0.0109375 0.01953125
3 0.46171875 0.41640625 0.0109375 0.01640625
3 0.4671875 0.43359375 0.01875 0.0109375
3 0.4203125 0.42890625 0.015625 0.01953125
0 0.38203125 0.409375 0.0109375 0.01953125
1 0.3125 0.428125 0.0125 0.028125
