1 0.45390625 0.60390625 0.1703125 0.30859375
0 0.796875 0.5484375 0.146875 0.13046875
2 0.9578125 0.49453125 0.078125 0.25546875
1 0.6265625 0.53046875 0.071875 0.1109375
0 0.17890625 0.48203125 0.0546875 0.0640625
1 0.225 0.4875 0.028125 0.0859375
1 0.271875 0.47890625 0.03125 0.0859375
1 0.30546875 0.46640625 0.0296875 0.05546875
2 0.2515625 0.4359375 0.040625 0.09453125
2 0.21015625 0.43359375 0.0328125 0.071875
1 0.13125 0.478125 0.034375 0.08359375
0 0.17421875 0.4359375 0.0171875 0.01640625
1 0.015625 0.49296875 0.03125 0.0859375
1 0.51953125 0.4875 0.0390625 0.08046875
1 0.378125 0.4765625 0.046875 0.1359375
1 0.440625 0.490625 0.059375 0.146875
2 0.44765625 0.44140625 0.0796875 0.06640625
0 0.5859375 0.50390625 0.090625 0.075
1 0.6890625 0.521875 0.071875 0.1109375
2 0.7390625 0.4625 0.1375 0.09140625
1 0.8359375 0.49296875 0.078125 0.075
1 0.8859375 0.49609375 0.0375 0.08046875
