0 0.3171875 0.8375 0.390625 0.30859375
2 0.18203125 0.62109375 0.3390625 0.253125
0 0.7265625 0.65 0.171875 0.128125
0 0.55 0.6625 0.165625 0.1140625
1 0.63984375 0.63203125 0.0734375 0.09140625
2 0.56328125 0.590625 0.1640625 0.0859375
1 0.49296875 0.62890625 0.0546875 0.08046875
1 0.440625 0.64296875 0.046875 0.0859375
1 0.8796875 0.58359375 0.021875 0.05546875
0 0.971875 0.609375 0.053125 0.075
0 0.93828125 0.58359375 0.0390625 0.05546875
1 0.75 0.58359375 0.021875 0.021875
0 0.76953125 0.58359375 0.0203125 0.028125
1 0.67734375 0.60390625 0.0328125 0.046875
