1 0.17265625 0.23125 0.3453125 0.390625
1 0.421875 0.609375 0.3328125 0.159375
1 0.4234375 0.8546875 0.484375 0.290625
1 0.459375 0.81171875 0.36875 0.2796875
1 0.5078125 0.75078125 0.2796875 0.23125
3 0.40546875 0.4046875 0.328125 0.184375
2 0.646875 0.715625 0.2453125 0.2375
1 0.54375 0.4984375 0.1171875 0.05
2 0.64765625 0.58828125 0.090625 0.0546875
1 0.50546875 0.45703125 0.165625 0.075
1 0.58359375 0.565625 0.053125 0.04375
1 0.56640625 0.525 0.08125 0.040625
1 0.41875 0.05859375 0.1359375 0.1140625
3 0.5734375 0.39453125 0.0609375 0.05625
