1 0.390625 0.7234375 0.7625 0.475
1 0.38828125 0.3484375 0.7765625 0.3
1 0.36328125 0.12734375 0.7265625 0.2546875
2 0.7078125 0.17265625 0.29375 0.1671875
2 0.80625 0.38046875 0.1671875 0.16875
2 0.7640625 0.25703125 0.1125 0.0375
1 0.56015625 0.41796875 0.36875 0.0984375
1 0.55625 0.53359375 0.4171875 0.146875
1 0.61640625 0.46953125 0.2890625 0.078125
2 0.75390625 0.0265625 0.1453125 0.053125
1 0.68359375 0.84921875 0.171875 0.0953125
1 0.35625 0.1265625 0.7125 0.253125
1 0.66875 0.96015625 0.225 0.0734375
