1 0.39453125 0.721875 0.0734375 0.2109375
1 0.49765625 0.659375 0.0515625 0.0859375
1 0.57109375 0.65390625 0.0421875 0.1140625
1 0.153125 0.7109375 0.084375 0.09453125
1 0.1953125 0.6875 0.04375 0.08046875
1 0.2828125 0.6734375 0.028125 0.075
1 0.33984375 0.65546875 0.0203125 0.06640625
0 0.30859375 0.646875 0.0234375 0.0390625
2 0.35390625 0.62109375 0.0359375 0.0640625
2 0.32578125 0.61640625 0.0234375 0.0390625
1 0.44140625 0.64140625 0.0203125 0.08359375
2 0.7921875 0.603125 0.4125 0.3109375
1 0.9625 0.70859375 0.065625 0.271875
