1 0.21796875 0.82578125 0.4359375 0.3234375
1 0.27421875 0.42265625 0.5484375 0.3484375
1 0.4796875 0.22109375 0.328125 0.2125
0 0.38125 0.85625 0.2125 0.2765625
0 0.4234375 0.77265625 0.1796875 0.2078125
0 0.45546875 0.71953125 0.1546875 0.190625
0 0.509375 0.6203125 0.096875 0.103125
0 0.52265625 0.61015625 0.0984375 0.1125
0 0.56171875 0.52578125 0.103125 0.0859375
3 0.49140625 0.7125 0.1765625 0.225
1 0.5765625 0.33125 0.1265625 0.0734375
1 0.5921875 0.4171875 0.059375 0.03125
3 0.63828125 0.13203125 0.0875 0.0515625
