1 0.28671875 0.715625 0.2390625 0.55859375
2 0.27265625 0.39296875 0.3984375 0.3640625
1 0.1734375 0.54609375 0.09375 0.2640625
2 0.47890625 0.39296875 0.0828125 0.20859375
1 0.51875 0.428125 0.05 0.0890625
1 0.55859375 0.4265625 0.0359375 0.08046875
1 0.59296875 0.4265625 0.0359375 0.08046875
1 0.93515625 0.48359375 0.0640625 0.13359375
1 0.77734375 0.4375 0.0546875 0.10859375
1 0.871875 0.44296875 0.04375 0.09140625
3 0.66796875 0.43203125 0.1109375 0.0859375
1 0.93125 0.76640625 0.121875 0.45
