1 0.865625 0.16015625 0.246875 0.14375
0 0.86328125 0.29921875 0.2640625 0.165625
2 0.70234375 0.61171875 0.3296875 0.1046875
3 0.6796875 0.4546875 0.3125 0.1046875
0 0.59609375 0.37265625 0.1609375 0.0890625
1 0.55078125 0.2984375 0.1609375 0.0703125
1 0.6578125 0.24921875 0.1640625 0.0484375
1 0.48125 0.153125 0.1203125 0.0640625
1 0.44921875 0.22734375 0.0921875 0.0546875
1 0.49140625 0.0984375 0.11875 0.0453125
0 0.73828125 0.7328125 0.2421875 0.134375
0 0.95625 0.78671875 0.084375 0.146875
0 0.9234375 0.509375 0.1421875 0.1265625
3 0.5328125 0.56484375 0.2328125 0.0734375
3 0.26484375 0.5546875 0.0609375 0.034375
3 0.1796875 0.58046875 0.021875 0.0125
3 0.3109375 0.49453125 0.071875 0.0375
3 0.3328125 0.5671875 0.090625 0.0390625
3 0.25546875 0.5859375 0.059375 0.028125
3 0.20546875 0.57265625 0.03125 0.015625
3 0.23359375 0.47734375 0.03125 0.0234375
3 0.384375 0.6484375 0.1109375 0.053125
0 0.33828125 0.63671875 0.0609375 0.040625
0 0.284375 0.61640625 0.053125 0.0328125
0 0.2359375 0.60859375 0.0359375 0.0203125
1 0.2046875 0.59375 0.028125 0.0109375
1 0.2234375 0.59921875 0.028125 0.0140625
3 0.19609375 0.5875 0.028125 0.0140625
2 0.153125 0.52421875 0.034375 0.0171875
0 0.36484375 0.45 0.075 0.040625
0 0.38359375 0.50625 0.065625 0.040625
1 0.3296875 0.5296875 0.0640625 0.0265625
1 0.41875 0.5375 0.06875 0.0328125
1 0.4734375 0.490625 0.109375 0.040625
0 0.33046875 0.42265625 0.0609375 0.046875
3 0.2796875 0.45078125 0.0609375 0.0359375
1 0.2734375 0.4875 0.040625 0.0171875
1 0.26171875 0.52421875 0.0390625 0.015625
1 0.22578125 0.55625 0.015625 0.0125
1 0.234375 0.540625 0.021875 0.0125
1 0.23984375 0.528125 0.015625 0.0125
1 0.21171875 0.55234375 0.015625 0.0109375
1 0.2046875 0.5390625 0.01875 0.0109375
1 0.3375 0.80078125 0.0640625 0.0375
1 0.33515625 0.84921875 0.059375 0.0375
1 0.2484375 0.71875 0.04375 0.01875
1 0.52421875 0.978125 0.0890625 0.04375
0 0.63125 0.93828125 0.165625 0.121875
0 0.46875 0.83984375 0.0984375 0.1046875
0 0.396875 0.8609375 0.0765625 0.0859375
3 0.40390625 0.94765625 0.1046875 0.103125
1 0.3546875 0.77265625 0.065625 0.0203125
0 0.3328125 0.73046875 0.0609375 0.05
0 0.30625 0.76015625 0.053125 0.040625
0 0.2875 0.709375 0.05625 0.025
0 0.24375 0.684375 0.025 0.021875
2 0.2578125 0.77890625 0.090625 0.0765625
1 0.2171875 0.69453125 0.028125 0.0046875
0 0.3328125 0.95859375 0.0515625 0.05625
3 0.284375 0.88125 0.1078125 0.096875
0 0.48203125 0.965625 0.0734375 0.06875
0 0.53203125 0.68125 0.1328125 0.084375
0 0.2265625 0.57421875 0.021875 0.0171875
0 0.221875 0.5046875 0.028125 0.015625
0 0.23359375 0.51796875 0.028125 0.0171875
0 0.221875 0.534375 0.01875 0.015625
2 0.1890625 0.51875 0.04375 0.0203125
0 0.253125 0.475 0.03125 0.01875
0 0.259375 0.5046875 0.0359375 0.0234375
3 0.19609375 0.49921875 0.025 0.015625
3 0.1828125 0.54296875 0.01875 0.009375
2 0.16796875 0.5015625 0.03125 0.0203125
0 0.22109375 0.4859375 0.025 0.01875
0 0.20703125 0.49296875 0.0140625 0.015625
3 0.18515625 0.5671875 0.01875 0.0109375
3 0.1703125 0.5625 0.015625 0.0109375
0 0.16875 0.5484375 0.0140625 0.0109375
0 0.18046875 0.63046875 0.015625 0.0125
2 0.14453125 0.5703125 0.01875 0.0125
