0 0.80234375 0.134375 0.3484375 0.26875
2 0.7328125 0.746875 0.28125 0.209375
1 0.6859375 0.259375 0.1546875 0.046875
0 0.65 0.1 0.09375 0.15
1 0.6875 0.46328125 0.1203125 0.090625
1 0.63828125 0.3078125 0.0484375 0.025
3 0.6328125 0.41015625 0.0328125 0.0203125
2 0.63046875 0.43828125 0.0625 0.040625
1 0.640625 0.384375 0.046875 0.01875
0 0.6984375 0.5765625 0.0875 0.059375
0 0.6921875 0.61875 0.0734375 0.0421875
1 0.65546875 0.4984375 0.0625 0.021875
1 0.675 0.5296875 0.0828125 0.0359375
0 0.66796875 0.5375 0.0546875 0.0296875
3 0.6609375 0.575 0.0421875 0.0375
0 0.796875 0.9359375 0.140625 0.0984375
1 0.73515625 0.85 0.090625 0.05
