3 0.45625 0.6984375 0.265625 0.4671875
0 0.70703125 0.690625 0.2390625 0.3546875
3 0.66796875 0.29140625 0.15 0.228125
3 0.4625 0.384375 0.1390625 0.21875
3 0.41171875 0.24765625 0.1140625 0.1734375
0 0.3046875 0.21484375 0.1015625 0.146875
0 0.4375 0.1203125 0.078125 0.1078125
3 0.38828125 0.05546875 0.05625 0.0890625
3 0.46171875 0.03203125 0.0578125 0.0640625
1 0.5078125 0.10078125 0.0703125 0.0953125
0 0.61484375 0.21875 0.103125 0.1328125
0 0.53046875 0.17421875 0.0828125 0.1109375
1 0.59765625 0.140625 0.0640625 0.0875
1 0.55 0.109375 0.0578125 0.0953125
1 0.546875 0.3390625 0.103125 0.1796875
1 0.30390625 0.42578125 0.103125 0.1875
3 0.1859375 0.3578125 0.14375 0.2546875
0 0.22421875 0.25390625 0.084375 0.1203125
0 0.23515625 0.18046875 0.0703125 0.090625
0 0.29609375 0.14609375 0.0578125 0.0625
0 0.37734375 0.153125 0.0734375 0.1
0 0.45703125 0.19296875 0.0796875 0.1171875
0 0.02265625 0.33046875 0.0453125 0.1265625
1 0.034375 0.1328125 0.034375 0.0671875
1 0.08203125 0.11796875 0.0296875 0.0625
1 0.1125 0.0984375 0.0234375 0.0421875
0 0.2296875 0.13359375 0.059375 0.0734375
0 0.2265625 0.103125 0.053125 0.0609375
3 0.22890625 0.08359375 0.0546875 0.0734375
2 0.2796875 0.090625 0.0546875 0.0921875
1 0.31640625 0.08984375 0.0390625 0.071875
0 0.20234375 0.97578125 0.2046875 0.0484375
0 0.72890625 0.91484375 0.184375 0.1140625
1 0.94609375 0.30703125 0.0765625 0.19375
0 0.48046875 0.0921875 0.05 0.075
1 0.45546875 0.08125 0.028125 0.075
3 0.48984375 0.05 0.046875 0.04375
3 0.4125 0.034375 0.0328125 0.0515625
3 0.35 0.09453125 0.06875 0.125
0 0.259375 0.0921875 0.0234375 0.0609375
