0 0.13828125 0.821875 0.2765625 0.33359375
2 0.75859375 0.71953125 0.1953125 0.271875
1 0.26953125 0.6984375 0.0390625 0.153125
0 0.10859375 0.67109375 0.1453125 0.0859375
1 0.4734375 0.6890625 0.084375 0.11640625
1 0.315625 0.6484375 0.021875 0.046875
3 0.4171875 0.6375 0.01875 0.03046875
2 0.4453125 0.63359375 0.0375 0.0609375
1 0.3921875 0.64609375 0.015625 0.046875
0 0.58671875 0.69453125 0.0546875 0.08359375
0 0.62890625 0.6859375 0.0390625 0.071875
1 0.50625 0.65546875 0.01875 0.0609375
1 0.5390625 0.6734375 0.03125 0.08046875
0 0.54609375 0.665625 0.0265625 0.053125
3 0.58359375 0.65703125 0.0359375 0.04140625
0 0.95078125 0.7734375 0.0921875 0.1359375
1 0.86171875 0.71640625 0.0453125 0.0890625
