0 0.2140625 0.83046875 0.15625 0.31640625
3 0.55859375 0.765625 0.1171875 0.28046875
0 0.69140625 0.7390625 0.1203125 0.24453125
0 0.365625 0.6234375 0.084375 0.20859375
1 0.453125 0.709375 0.071875 0.23046875
0 0.44609375 0.5375 0.0671875 0.14140625
3 0.50703125 0.44609375 0.0609375 0.14140625
2 0.38671875 0.40703125 0.0515625 0.14140625
3 0.4453125 0.36796875 0.046875 0.14140625
1 0.47890625 0.3390625 0.0203125 0.06640625
0 0.51953125 0.353125 0.0390625 0.0609375
1 0.5703125 0.365625 0.034375 0.08046875
1 0.628125 0.4625 0.046875 0.10859375
1 0.60546875 0.39453125 0.0234375 0.071875
1 0.66953125 0.56640625 0.0359375 0.11640625
1 0.8375 0.5640625 0.1125 0.13359375
1 0.75 0.471875 0.0625 0.11640625
1 0.815625 0.478125 0.059375 0.08359375
1 0.8703125 0.4859375 0.0375 0.071875
0 0.11796875 0.49609375 0.1109375 0.125
1 0.02421875 0.5125 0.0484375 0.14140625
2 0.07265625 0.328125 0.1453125 0.1890625
3 0.1921875 0.375 0.075 0.1
0 0.15859375 0.34140625 0.0796875 0.09453125
1 0.1875 0.29140625 0.034375 0.05546875
1 0.215625 0.2515625 0.0125 0.053125
0 0.2546875 0.290625 0.04375 0.053125
0 0.29296875 0.23203125 0.0234375 0.03046875
0 0.30625 0.20859375 0.021875 0.028125
3 0.51875 0.246875 0.025 0.05
3 0.5203125 0.3015625 0.03125 0.046875
1 0.44375 0.25859375 0.01875 0.04453125
1 0.43203125 0.30859375 0.0265625 0.05
0 0.3953125 0.32109375 0.040625 0.04140625
0 0.340625 0.34296875 0.04375 0.06953125
3 0.35390625 0.27890625 0.0359375 0.06953125
3 0.40859375 0.246875 0.0265625 0.05546875
3 0.4609375 0.29140625 0.028125 0.03359375
3 0.4671875 0.246875 0.025 0.05546875
0 0.50703125 0.26796875 0.0328125 0.04140625
0 0.37734375 0.21796875 0.0234375 0.03046875
0 0.41015625 0.2109375 0.0203125 0.028125
3 0.4359375 0.228125 0.028125 0.05546875
2 0.465625 0.178125 0.025 0.05
2 0.4640625 0.14296875 0.01875 0.03046875
2 0.48359375 0.165625 0.0203125 0.04140625
0 0.4765625 0.209375 0.01875 0.01953125
3 0.48515625 0.1890625 0.0140625 0.021875
3 0.43359375 0.18203125 0.0140625 0.025
3 0.41015625 0.190625 0.0203125 0.03046875
3 0.40390625 0.1609375 0.0140625 0.01640625
3 0.384375 0.2015625 0.01875 0.025
1 0.38984375 0.196875 0.0140625 0.028125
3 0.39921875 0.178125 0.0140625 0.021875
3 0.4171875 0.1765625 0.0125 0.01953125
2 0.4359375 0.1390625 0.0125 0.021875
0 0.43984375 0.175 0.0140625 0.01640625
0 0.36875 0.1640625 0.0125 0.01640625
3 0.09453125 0.2390625 0.0984375 0.078125
3 0.8109375 0.934375 0.190625 0.1140625
