3 0.4125 0.68359375 0.171875 0.4390625
0 0.65859375 0.73203125 0.1703125 0.325
3 0.7109375 0.334375 0.10625 0.20859375
3 0.48984375 0.37890625 0.0953125 0.203125
3 0.47109375 0.234375 0.0796875 0.15859375
0 0.37421875 0.178125 0.0734375 0.13359375
0 0.52421875 0.115625 0.0578125 0.096875
3 0.49140625 0.04140625 0.0390625 0.0828125
3 0.56953125 0.03203125 0.0453125 0.0640625
1 0.59765625 0.1125 0.0515625 0.0859375
0 0.675 0.2515625 0.078125 0.11953125
0 0.603125 0.1890625 0.0625 0.1
1 0.67578125 0.171875 0.0484375 0.078125
1 0.63671875 0.13046875 0.0390625 0.0890625
1 0.58203125 0.35390625 0.0671875 0.16953125
1 0.32578125 0.38359375 0.0640625 0.178125
3 0.22578125 0.290625 0.0921875 0.24140625
0 0.28671875 0.1984375 0.0609375 0.10859375
0 0.3140625 0.12890625 0.053125 0.08046875
0 0.38125 0.109375 0.046875 0.053125
0 0.45859375 0.134375 0.0546875 0.09140625
0 0.52734375 0.19140625 0.0578125 0.10546875
0 0.04296875 0.22109375 0.0859375 0.10859375
1 0.12890625 0.0375 0.0203125 0.0640625
1 0.17890625 0.03359375 0.0171875 0.0609375
1 0.2125 0.021875 0.015625 0.0390625
0 0.31875 0.08203125 0.046875 0.0640625
0 0.32265625 0.0515625 0.0421875 0.053125
3 0.3296875 0.03359375 0.040625 0.06640625
2 0.37734375 0.0515625 0.0359375 0.0859375
1 0.41328125 0.059375 0.0234375 0.06953125
0 0.09296875 0.94453125 0.1859375 0.10546875
0 0.6296875 0.95546875 0.171875 0.078125
1 0.978125 0.4125 0.034375 0.19140625
0 0.57265625 0.0984375 0.0359375 0.06953125
1 0.55078125 0.08203125 0.0109375 0.075
3 0.59140625 0.059375 0.0390625 0.0359375
3 0.51953125 0.0265625 0.0234375 0.046875
3 0.4453125 0.07109375 0.04375 0.11953125
0 0.35703125 0.0484375 0.0109375 0.05859375
