1 0.41953125 0.10546875 0.1484375 0.2109375
1 0.48828125 0.2734375 0.04375 0.0375
0 0.5234375 0.44375 0.0265625 0.0375
2 0.51953125 0.38359375 0.03125 0.0328125
0 0.53046875 0.46171875 0.021875 0.025
1 0.5390625 0.5046875 0.0140625 0.0078125
0 0.540625 0.48984375 0.0078125 0.0109375
2 0.54609375 0.509375 0.0140625 0.0109375
1 0.54609375 0.5328125 0.0140625 0.0109375
2 0.55 0.53515625 0.0109375 0.0109375
1 0.54609375 0.521875 0.0046875 0.0046875
0 0.58125 0.7890625 0.0453125 0.10625
0 0.5703125 0.69921875 0.0359375 0.059375
0 0.5609375 0.640625 0.0171875 0.0296875
0 0.5578125 0.60390625 0.01875 0.0234375
0 0.55546875 0.590625 0.0125 0.0171875
2 0.553125 0.54296875 0.0078125 0.0109375
0 0.553125 0.55703125 0.00625 0.0125
1 0.5671875 0.66796875 0.0125 0.0109375
1 0.52421875 0.415625 0.0203125 0.01875
1 0.603125 0.93125 0.0421875 0.034375
