3 0.3921875 0.8265625 0.209375 0.20859375
1 0.34140625 0.94453125 0.1546875 0.10546875
0 0.7140625 0.86953125 0.203125 0.221875
3 0.8203125 0.87890625 0.2375 0.23046875
0 0.93046875 0.70703125 0.1328125 0.18046875
3 0.4703125 0.6734375 0.128125 0.146875
1 0.60234375 0.565625 0.0640625 0.10859375
0 0.56953125 0.4484375 0.0796875 0.075
3 0.69921875 0.4515625 0.0703125 0.05859375
1 0.72109375 0.521875 0.0390625 0.05546875
0 0.13125 0.59609375 0.071875 0.10859375
0 0.1703125 0.54296875 0.065625 0.08046875
3 0.15390625 0.49453125 0.0484375 0.08359375
0 0.02265625 0.584375 0.0453125 0.1140625
0 0.0875 0.5515625 0.05625 0.0859375
0 0.078125 0.50390625 0.05 0.05859375
0 0.09765625 0.459375 0.0359375 0.046875
3 0.0453125 0.43203125 0.04375 0.0640625
1 0.184375 0.4875 0.0375 0.06953125
0 0.0890625 0.5484375 0.05625 0.08046875
0 0.02578125 0.5359375 0.0515625 0.071875
3 0.01953125 0.403125 0.0359375 0.05
3 0.07265625 0.39609375 0.0359375 0.053125
1 0.125 0.4375 0.03125 0.0359375
