0 0.603125 0.490625 0.35625 0.128125
0 0.50546875 0.44375 0.13984375 0.05625
0 0.07734375 0.44453125 0.125 0.0609375
1 0.23828125 0.43828125 0.03984375 0.0578125
1 0.19921875 0.4328125 0.03984375 0.05625
1 0.15703125 0.42265625 0.01875 0.0359375
1 0.096875 0.41484375 0.05234375 0.0265625
2 0.05859375 0.3984375 0.02890625 0.0125
1 0.02890625 0.4203125 0.02109375 0.03125
0 0.009375 0.41328125 0.01875 0.0171875
2 0.03359375 0.4 0.02109375 0.009375
0 0.134375 0.42734375 0.02734375 0.0359375
3 0.14609375 0.40703125 0.04609375 0.0359375
0 0.175 0.4171875 0.01640625 0.01875
2 0.22109375 0.40390625 0.03359375 0.0140625
0 0.05546875 0.4109375 0.02734375 0.009375
0 0.24453125 0.4328125 0.06875 0.04375
