1 0.31015625 0.5859375 0.6203125 0.315625
1 0.3 0.18984375 0.56875 0.3625
0 0.59609375 0.76484375 0.203125 0.2125
0 0.5421875 0.08203125 0.334375 0.1640625
1 0.71171875 0.20859375 0.15625 0.071875
0 0.69609375 0.66875 0.059375 0.0875
3 0.7140625 0.821875 0.0875 0.1390625
3 0.740625 0.74609375 0.0703125 0.1546875
3 0.7484375 0.684375 0.0734375 0.125
2 0.8296875 0.4625 0.0921875 0.1046875
1 0.709375 0.3140625 0.1578125 0.0734375
1 0.68984375 0.13984375 0.146875 0.0609375
3 0.75546875 0.0703125 0.1 0.1015625
1 0.69765625 0.23984375 0.1625 0.0609375
