0 0.74375 0.84765625 0.19375 0.3046875
3 0.409375 0.75625 0.15 0.29375
0 0.28125 0.7140625 0.1484375 0.25625
0 0.61796875 0.6390625 0.109375 0.21875
1 0.52109375 0.71328125 0.1 0.2390625
0 0.54921875 0.54375 0.084375 0.1484375
3 0.49921875 0.4453125 0.078125 0.146875
2 0.6234375 0.421875 0.06875 0.1453125
3 0.5703125 0.37578125 0.0640625 0.1453125
1 0.540625 0.34296875 0.028125 0.0671875
0 0.4984375 0.3515625 0.046875 0.065625
1 0.446875 0.3578125 0.04375 0.084375
1 0.37734375 0.446875 0.059375 0.1140625
1 0.4078125 0.3828125 0.03125 0.0734375
1 0.3234375 0.5453125 0.05 0.11875
1 0.15703125 0.52265625 0.128125 0.146875
1 0.25546875 0.44140625 0.0765625 0.121875
1 0.1890625 0.43984375 0.06875 0.090625
1 0.134375 0.440625 0.0453125 0.0765625
0 0.8796875 0.54296875 0.125 0.1375
1 0.96875 0.56953125 0.0625 0.1453125
2 0.93046875 0.38046875 0.1390625 0.2046875
3 0.82109375 0.41328125 0.0859375 0.1078125
0 0.8578125 0.384375 0.090625 0.103125
1 0.8359375 0.33125 0.040625 0.059375
1 0.8125 0.28828125 0.01875 0.0546875
0 0.76875 0.321875 0.05 0.0578125
0 0.73828125 0.259375 0.0265625 0.034375
0 0.728125 0.234375 0.025 0.03125
3 0.5125 0.24609375 0.03125 0.053125
3 0.50390625 0.30078125 0.0375 0.05
1 0.58515625 0.2671875 0.0234375 0.0453125
1 0.590625 0.31796875 0.0328125 0.053125
0 0.62578125 0.33515625 0.0453125 0.0453125
0 0.67734375 0.36328125 0.0515625 0.0734375
3 0.671875 0.2984375 0.04375 0.071875
3 0.621875 0.26015625 0.0328125 0.059375
3 0.5640625 0.29765625 0.0328125 0.0375
3 0.56328125 0.253125 0.03125 0.059375
0 0.52109375 0.26875 0.0375 0.04375
0 0.65625 0.23515625 0.0265625 0.034375
0 0.62421875 0.22421875 0.0234375 0.0296875
3 0.596875 0.23828125 0.034375 0.059375
2 0.5734375 0.184375 0.03125 0.053125
2 0.57890625 0.15 0.021875 0.0328125
2 0.55703125 0.1703125 0.025 0.0421875
0 0.55859375 0.2140625 0.0203125 0.0203125
3 0.55234375 0.19296875 0.0171875 0.0234375
3 0.6046875 0.1921875 0.0171875 0.0265625
3 0.6265625 0.20390625 0.0234375 0.0328125
3 0.63671875 0.175 0.015625 0.0171875
3 0.65078125 0.21796875 0.021875 0.0265625
1 0.64609375 0.2125 0.0171875 0.0296875
3 0.6390625 0.19296875 0.0171875 0.0234375
3 0.621875 0.1890625 0.0140625 0.0203125
2 0.6078125 0.14921875 0.015625 0.0234375
0 0.59921875 0.184375 0.015625 0.0171875
0 0.67109375 0.1828125 0.0140625 0.0171875
3 0.934375 0.290625 0.1078125 0.0890625
3 0.13828125 0.89296875 0.203125 0.1359375
