1 0.18359375 0.615625 0.3390625 0.74140625
1 0.62890625 0.584375 0.2984375 0.796875
1 0.36953125 0.24140625 0.0984375 0.26640625
1 0.5125 0.3234375 0.13125 0.425
3 0.14921875 0.28203125 0.2953125 0.496875
3 0.46328125 0.15390625 0.1109375 0.23046875
3 0.86328125 0.4859375 0.2640625 0.971875
2 0.16640625 0.040625 0.2546875 0.08046875
2 0.32578125 0.084375 0.0671875 0.153125
2 0.45390625 0.05390625 0.1890625 0.1078125
1 0.61328125 0.1015625 0.0328125 0.0859375
0 0.65546875 0.203125 0.1640625 0.13359375
