0 0.40625 0.48125 0.3515625 0.1453125
0 0.49140625 0.4390625 0.1375 0.0578125
0 0.91640625 0.47109375 0.125 0.0671875
1 0.75390625 0.4546875 0.0421875 0.0609375
1 0.7921875 0.44921875 0.0375 0.05625
1 0.8359375 0.44296875 0.0234375 0.034375
0 0.74921875 0.446875 0.071875 0.0484375
3 0.846875 0.4296875 0.05 0.0390625
0 0.8171875 0.4359375 0.0203125 0.0203125
2 0.77265625 0.41953125 0.0359375 0.0171875
2 0.934375 0.425 0.0296875 0.015625
1 0.8984375 0.440625 0.0484375 0.0296875
0 0.9359375 0.43828125 0.028125 0.0109375
0 0.98046875 0.44375 0.0171875 0.01875
2 0.959375 0.42734375 0.021875 0.0109375
0 0.8578125 0.45 0.0296875 0.0359375
