1 0.73046875 0.4140625 0.2171875 0.0921875
1 0.65859375 0.51171875 0.090625 0.059375
1 0.646875 0.584375 0.1171875 0.0515625
1 0.740625 0.17265625 0.1 0.0921875
1 0.71328125 0.2125 0.084375 0.05
1 0.69140625 0.2984375 0.0765625 0.034375
1 0.66875 0.35390625 0.0671875 0.0265625
0 0.66328125 0.321875 0.040625 0.0265625
2 0.63359375 0.36484375 0.0671875 0.040625
2 0.63125 0.33671875 0.040625 0.0265625
1 0.64609375 0.45390625 0.0859375 0.028125
2 0.57734375 0.790625 0.3453125 0.41875
1 0.66640625 0.9671875 0.2765625 0.065625
