0 0.69296875 0.6375 0.0890625 0.1140625
1 0.60234375 0.62890625 0.0421875 0.1140625
2 0.54921875 0.55703125 0.0453125 0.09140625
1 0.41953125 0.6015625 0.0671875 0.0859375
0 0.22578125 0.68359375 0.2421875 0.14453125
0 0.61875 0.5859375 0.0375 0.05
0 0.63828125 0.565625 0.0234375 0.04140625
0 0.6015625 0.54296875 0.03125 0.05859375
0 0.73984375 0.5734375 0.0453125 0.04140625
0 0.66171875 0.559375 0.0234375 0.025
1 0.45703125 0.6 0.0609375 0.071875
0 0.49921875 0.5625 0.0171875 0.025
0 0.89140625 0.60390625 0.0921875 0.06953125
