0 0.88671875 0.3703125 0.2265625 0.146875
0 0.521875 0.35 0.11875 0.096875
0 0.61796875 0.109375 0.125 0.19375
0 0.6484375 0.9421875 0.14375 0.115625
3 0.4875 0.85 0.1140625 0.096875
0 0.4078125 0.796875 0.0546875 0.0546875
1 0.4359375 0.78046875 0.06875 0.025
0 0.4578125 0.890625 0.0875 0.06875
0 0.434375 0.8953125 0.0703125 0.0671875
0 0.58359375 0.9703125 0.0796875 0.059375
3 0.371875 0.9109375 0.1140625 0.0984375
0 0.5015625 0.975 0.0875 0.05
1 0.8515625 0.90234375 0.19375 0.0859375
0 0.86484375 0.79765625 0.2484375 0.1515625
1 0.9296875 0.96875 0.103125 0.0625
1 0.67421875 0.69140625 0.1734375 0.0703125
3 0.82265625 0.62578125 0.3359375 0.134375
1 0.815625 0.503125 0.2390625 0.0921875
1 0.70390625 0.44140625 0.184375 0.078125
1 0.678125 0.5234375 0.1484375 0.0640625
1 0.6296875 0.5640625 0.1546875 0.0546875
1 0.59375 0.6265625 0.1375 0.0546875
1 0.553125 0.52734375 0.1046875 0.0421875
0 0.45 0.4109375 0.090625 0.05
2 0.44765625 0.47421875 0.203125 0.0953125
3 0.475 0.54609375 0.1203125 0.0515625
3 0.4953125 0.6796875 0.1421875 0.0671875
3 0.5125 0.603125 0.1296875 0.059375
3 0.46171875 0.6140625 0.1328125 0.0578125
0 0.4015625 0.61015625 0.0671875 0.0375
3 0.41875 0.5609375 0.0921875 0.04375
0 0.35390625 0.53984375 0.0515625 0.03125
0 0.365625 0.5734375 0.0484375 0.0328125
0 0.33828125 0.57578125 0.0359375 0.0265625
0 0.3515625 0.609375 0.0578125 0.0375
3 0.35390625 0.646875 0.0828125 0.03125
0 0.4171875 0.66640625 0.0484375 0.046875
0 0.3140625 0.60703125 0.0375 0.025
0 0.28359375 0.6125 0.025 0.0203125
3 0.28984375 0.5921875 0.0359375 0.01875
3 0.296875 0.55234375 0.0375 0.0265625
3 0.32734375 0.53984375 0.0484375 0.028125
3 0.2890625 0.5375 0.03125 0.021875
3 0.27265625 0.52265625 0.03125 0.01875
0 0.30546875 0.50546875 0.034375 0.0171875
2 0.33203125 0.490625 0.0421875 0.0453125
2 0.31875 0.48515625 0.065625 0.046875
2 0.2484375 0.54375 0.065625 0.021875
2 0.24921875 0.52109375 0.0390625 0.0203125
3 0.28203125 0.565625 0.03125 0.0203125
3 0.26796875 0.5875 0.01875 0.015625
0 0.2640625 0.57265625 0.021875 0.0109375
3 0.296875 0.55234375 0.0375 0.0265625
3 0.2671875 0.60703125 0.025 0.01875
1 0.34921875 0.79375 0.0546875 0.03125
0 0.36640625 0.73828125 0.0453125 0.0375
1 0.31875 0.725 0.0359375 0.0234375
1 0.52109375 0.253125 0.115625 0.065625
1 0.52890625 0.1765625 0.1125 0.0796875
1 0.525 0.13359375 0.0765625 0.028125
0 0.42421875 0.98125 0.0625 0.034375
1 0.29921875 0.78359375 0.0359375 0.0171875
1 0.3125 0.73984375 0.040625 0.01875
1 0.303125 0.709375 0.034375 0.01875
3 0.32109375 0.69921875 0.040625 0.028125
0 0.2859375 0.69140625 0.03125 0.0234375
0 0.278125 0.67265625 0.025 0.01875
1 0.25859375 0.65859375 0.021875 0.009375
3 0.25078125 0.6296875 0.015625 0.0109375
0 0.2515625 0.64296875 0.01875 0.0125
0 0.334375 0.6328125 0.0390625 0.021875
3 0.24765625 0.5984375 0.009375 0.0109375
3 0.25625 0.559375 0.015625 0.0109375
1 0.39140625 0.85546875 0.059375 0.0234375
