0 0.87109375 0.87890625 0.2578125 0.1734375
0 0.55625 0.91953125 0.271875 0.1609375
3 0.5234375 0.8203125 0.221875 0.209375
3 0.290625 0.721875 0.184375 0.21875
0 0.1609375 0.77578125 0.1703125 0.1984375
3 0.3140625 0.915625 0.215625 0.16875
0 0.1125 0.63984375 0.125 0.1234375
1 0.0921875 0.878125 0.1125 0.24375
1 0.0890625 0.95234375 0.071875 0.0953125
0 0.02890625 0.5734375 0.0515625 0.1015625
1 0.903125 0.71484375 0.10625 0.1296875
1 0.5421875 0.56328125 0.084375 0.1390625
0 0.5578125 0.43515625 0.084375 0.09375
1 0.51328125 0.5390625 0.0234375 0.0546875
3 0.43828125 0.45703125 0.071875 0.06875
1 0.43046875 0.52109375 0.0390625 0.04375
0 0.98125 0.5171875 0.0375 0.10625
1 0.98125 0.44609375 0.0375 0.0640625
