1 0.3 0.68515625 0.36875 0.6296875
2 0.1125 0.55078125 0.225 0.8984375
1 0.60703125 0.7796875 0.4453125 0.440625
1 0.64453125 0.44453125 0.240625 0.428125
3 0.403125 0.415625 0.325 0.4171875
2 0.2375 0.31328125 0.178125 0.25
2 0.13359375 0.3765625 0.16875 0.2890625
0 0.896875 0.30859375 0.1703125 0.1828125
2 0.41171875 0.25859375 0.1015625 0.128125
1 0.534375 0.3625 0.1296875 0.2515625
1 0.46875 0.28671875 0.04375 0.09375
1 0.56875 0.2515625 0.0328125 0.053125
1 0.84375 0.6046875 0.3125 0.659375
