1 0.6734375 0.78984375 0.640625 0.403125
3 0.43984375 0.8734375 0.5546875 0.253125
1 0.43359375 0.42265625 0.3890625 0.1640625
1 0.32421875 0.61953125 0.2328125 0.103125
1 0.35390625 0.49375 0.3109375 0.11875
1 0.228125 0.5453125 0.1609375 0.059375
2 0.24140625 0.06796875 0.4671875 0.1359375
3 0.1921875 0.70234375 0.221875 0.15
2 0.115625 0.52734375 0.0859375 0.0796875
1 0.2796875 0.234375 0.2234375 0.1078125
1 0.184375 0.36875 0.08125 0.04375
3 0.184375 0.84375 0.1890625 0.1609375
1 0.15625 0.3203125 0.05 0.0203125
1 0.15390625 0.43515625 0.0609375 0.0375
