0 0.3484375 0.3078125 0.1875 0.2015625
3 0.2765625 0.584375 0.103125 0.0828125
1 0.43046875 0.0484375 0.2046875 0.096875
1 0.390625 0.15703125 0.1234375 0.0890625
0 0.3203125 0.37421875 0.08125 0.0640625
1 0.3234375 0.41484375 0.059375 0.0328125
0 0.30078125 0.46796875 0.053125 0.0421875
1 0.29140625 0.50703125 0.0609375 0.0265625
3 0.29375 0.53046875 0.065625 0.0421875
1 0.32421875 0.44140625 0.0265625 0.015625
3 0.253125 0.66328125 0.1109375 0.09375
2 0.27578125 0.74765625 0.121875 0.1421875
3 0.22890625 0.803125 0.0453125 0.053125
0 0.1625 0.84296875 0.209375 0.2078125
1 0.25703125 0.5390625 0.1265625 0.0625
