3 0.5640625 0.6640625 0.1796875 0.3109375
0 0.42265625 0.80703125 0.18125 0.275
0 0.34765625 0.63515625 0.1125 0.15
0 0.7078125 0.68828125 0.1484375 0.228125
0 0.85625 0.55625 0.1515625 0.1546875
0 0.75234375 0.4421875 0.103125 0.109375
0 0.76640625 0.39296875 0.0875 0.090625
0 0.68515625 0.38203125 0.06875 0.0765625
0 0.70546875 0.33046875 0.0625 0.0671875
0 0.66171875 0.3359375 0.0515625 0.059375
0 0.62578125 0.53671875 0.1015625 0.134375
0 0.6390625 0.27734375 0.0328125 0.040625
0 0.603125 0.31328125 0.0296875 0.04375
0 0.6421875 0.303125 0.025 0.0375
0 0.5953125 0.26171875 0.03125 0.0390625
0 0.56015625 0.40234375 0.0625 0.0890625
3 0.5546875 0.45078125 0.078125 0.125
0 0.90625 0.46484375 0.1453125 0.1453125
1 0.846875 0.3734375 0.0515625 0.08125
1 0.7953125 0.35078125 0.0453125 0.0796875
1 0.75 0.32578125 0.0359375 0.0578125
3 0.76484375 0.28125 0.115625 0.1296875
0 0.3859375 0.36796875 0.0453125 0.059375
0 0.44375 0.4546875 0.0640625 0.0921875
0 0.49140625 0.39296875 0.0546875 0.0734375
0 0.37265625 0.32578125 0.0328125 0.040625
3 0.50234375 0.28828125 0.034375 0.0515625
3 0.4734375 0.34765625 0.05 0.0703125
0 0.39609375 0.521875 0.0875 0.11875
0 0.37421875 0.44140625 0.0625 0.075
1 0.559375 0.9109375 0.1296875 0.178125
1 0.16484375 0.5734375 0.1015625 0.134375
1 0.45625 0.59375 0.08125 0.1390625
1 0.49765625 0.5078125 0.065625 0.1046875
1 0.4546875 0.503125 0.0625 0.1
1 0.52734375 0.3671875 0.040625 0.059375
1 0.50703125 0.3125 0.0296875 0.04375
1 0.44375 0.35234375 0.0328125 0.05625
1 0.41640625 0.39609375 0.0421875 0.065625
1 0.41796875 0.35390625 0.0328125 0.05625
1 0.44375 0.33046875 0.028125 0.046875
1 0.42421875 0.325 0.025 0.0421875
2 0.40078125 0.27890625 0.0515625 0.084375
0 0.42109375 0.259375 0.0171875 0.025
3 0.4671875 0.29296875 0.0328125 0.0484375
3 0.4703125 0.27890625 0.028125 0.04375
3 0.4390625 0.28671875 0.028125 0.0390625
3 0.44375 0.2765625 0.021875 0.0375
0 0.45234375 0.2625 0.0171875 0.025
0 0.47890625 0.265625 0.01875 0.028125
3 0.4640625 0.24375 0.021875 0.034375
2 0.4171875 0.21171875 0.01875 0.025
0 0.3640625 0.3015625 0.0296875 0.0359375
0 0.34609375 0.39296875 0.0546875 0.071875
0 0.35390625 0.3546875 0.0375 0.0453125
0 0.3734375 0.284375 0.025 0.0265625
2 0.375 0.23984375 0.025 0.03125
2 0.3921875 0.22265625 0.0265625 0.04375
3 0.434375 0.22734375 0.0140625 0.0171875
2 0.43515625 0.20078125 0.0140625 0.0171875
3 0.41796875 0.23125 0.015625 0.0140625
1 0.90625 0.38828125 0.08125 0.08125
1 0.96484375 0.4015625 0.0625 0.0921875
0 0.84921875 0.3171875 0.0640625 0.071875
3 0.5640625 0.240625 0.0265625 0.0328125
1 0.58046875 0.27265625 0.0296875 0.040625
2 0.503125 0.21640625 0.0296875 0.040625
3 0.446875 0.22265625 0.0125 0.015625
3 0.37578125 0.26328125 0.0140625 0.0171875
0 0.49609375 0.43984375 0.059375 0.0890625
1 0.8546875 0.7171875 0.0984375 0.1640625
1 0.9203125 0.78359375 0.159375 0.1984375
1 0.26640625 0.8984375 0.1171875 0.203125
1 0.26171875 0.7453125 0.0875 0.1671875
