1 0.82734375 0.80859375 0.3328125 0.3609375
1 0.40625 0.59609375 0.10625 0.31953125
1 0.1375 0.64140625 0.26875 0.44453125
1 0.2 0.59453125 0.225 0.33359375
1 0.2515625 0.5359375 0.190625 0.25
3 0.61015625 0.5765625 0.1328125 0.30859375
2 0.2625 0.39296875 0.203125 0.2140625
1 0.49375 0.45703125 0.03125 0.1140625
2 0.3875 0.36953125 0.040625 0.08359375
1 0.54140625 0.4875 0.0484375 0.15859375
1 0.42109375 0.42890625 0.0359375 0.046875
1 0.4640625 0.4390625 0.028125 0.078125
1 0.9484375 0.503125 0.09375 0.121875
3 0.59140625 0.409375 0.0484375 0.053125
