0 0.7171875 0.70234375 0.2296875 0.2
0 0.80078125 0.79765625 0.1125 0.14375
2 0.84140625 0.77265625 0.1421875 0.1921875
1 0.753125 0.58984375 0.1359375 0.059375
1 0.734375 0.50390625 0.1078125 0.059375
1 0.7546875 0.54921875 0.0625 0.0296875
1 0.66796875 0.29765625 0.1421875 0.0890625
2 0.71796875 0.27890625 0.1578125 0.11875
1 0.59921875 0.059375 0.1734375 0.11875
1 0.65 0.18046875 0.078125 0.0359375
1 0.60078125 0.02578125 0.1171875 0.0515625
1 0.621875 0.11328125 0.084375 0.04375
2 0.75234375 0.42734375 0.0640625 0.0515625
0 0.74375 0.46015625 0.0234375 0.0171875
