0 0.346875 0.690625 0.171875 0.153125
3 0.63203125 0.6984375 0.0640625 0.09140625
1 0.06015625 0.671875 0.0890625 0.1890625
1 0.190625 0.68359375 0.065625 0.1109375
0 0.41796875 0.703125 0.0484375 0.071875
1 0.45703125 0.69140625 0.0203125 0.05546875
0 0.51328125 0.7015625 0.0328125 0.046875
1 0.55390625 0.7015625 0.0140625 0.05859375
3 0.57578125 0.69453125 0.0296875 0.0609375
1 0.48203125 0.684375 0.0109375 0.025
3 0.71484375 0.70390625 0.0734375 0.096875
2 0.79140625 0.6625 0.1234375 0.096875
3 0.85625 0.69609375 0.046875 0.0359375
0 0.91015625 0.7515625 0.1734375 0.175
1 0.59296875 0.728125 0.0359375 0.121875
