3 0.56953125 0.503125 0.053125 0.1328125
0 0.5078125 0.4765625 0.0375 0.053125
0 0.396875 0.4609375 0.0390625 0.040625
1 0.30390625 0.56484375 0.0453125 0.0859375
1 0.33125 0.525 0.0375 0.071875
1 0.2421875 0.63125 0.071875 0.0671875
1 0.88515625 0.62265625 0.0546875 0.0921875
1 0.8546875 0.55234375 0.053125 0.0609375
1 0.86953125 0.58671875 0.059375 0.0734375
1 0.828125 0.5265625 0.0375 0.046875
1 0.8328125 0.49140625 0.034375 0.0390625
1 0.8140625 0.46640625 0.0265625 0.0390625
1 0.7984375 0.559375 0.05 0.0546875
1 0.7796875 0.44375 0.0234375 0.021875
1 0.703125 0.6109375 0.0296875 0.096875
1 0.73515625 0.59453125 0.021875 0.0640625
1 0.75234375 0.58359375 0.021875 0.053125
1 0.76875 0.60078125 0.0328125 0.053125
1 0.96875 0.5609375 0.0375 0.05625
1 0.49921875 0.3515625 0.00625 0.01875
1 0.50390625 0.34140625 0.0078125 0.015625
1 0.51953125 0.340625 0.0078125 0.01875
0 0.53125 0.346875 0.0109375 0.01875
0 0.55234375 0.34140625 0.0109375 0.025
0 0.409375 0.65546875 0.071875 0.0609375
0 0.91796875 0.9625 0.1359375 0.075
0 0.8125 0.62109375 0.0875 0.0875
0 0.75859375 0.6671875 0.084375 0.0984375
0 0.959375 0.6234375 0.071875 0.0765625
0 0.9578125 0.6984375 0.0765625 0.0703125
3 0.81328125 0.696875 0.096875 0.0515625
0 0.7015625 0.57734375 0.0640625 0.0875
0 0.90703125 0.55546875 0.0796875 0.0828125
0 0.790625 0.5265625 0.0546875 0.0328125
3 0.7453125 0.534375 0.059375 0.0796875
0 0.678125 0.52421875 0.053125 0.065625
2 0.6859375 0.3640625 0.0359375 0.034375
2 0.6625 0.35703125 0.0078125 0.025
2 0.6375 0.33125 0.025 0.025
0 0.71328125 0.50390625 0.04375 0.05
0 0.75390625 0.49375 0.0421875 0.034375
0 0.73125 0.4609375 0.0421875 0.0359375
1 0.675 0.44453125 0.0203125 0.034375
1 0.7421875 0.43828125 0.0234375 0.01875
0 0.71015625 0.43828125 0.03125 0.0359375
0 0.66015625 0.490625 0.040625 0.059375
0 0.64453125 0.46640625 0.0328125 0.05
3 0.634375 0.4359375 0.0375 0.0609375
3 0.67421875 0.38359375 0.028125 0.034375
3 0.61328125 0.3984375 0.0203125 0.0359375
3 0.621875 0.34375 0.015625 0.021875
0 0.596875 0.3734375 0.0109375 0.028125
0 0.715625 0.4234375 0.025 0.028125
0 0.67890625 0.4140625 0.0234375 0.021875
0 0.66015625 0.4421875 0.0125 0.0390625
3 0.62734375 0.371875 0.01875 0.015625
0 0.59140625 0.35859375 0.0125 0.01875
3 0.5890625 0.33359375 0.015625 0.01875
2 0.60234375 0.3109375 0.0109375 0.01875
1 0.54296875 0.32578125 0.0078125 0.015625
1 0.53046875 0.31328125 0.0078125 0.0140625
0 0.54609375 0.3046875 0.0078125 0.009375
0 0.5609375 0.321875 0.009375 0.0140625
