0 0.7859375 0.85546875 0.1859375 0.134375
0 0.828125 0.72578125 0.1890625 0.1234375
0 0.85078125 0.60703125 0.20625 0.1359375
0 0.9328125 0.4203125 0.134375 0.15
0 0.909375 0.31953125 0.18125 0.1640625
3 0.80390625 0.3171875 0.1890625 0.11875
0 0.75859375 0.3734375 0.1125 0.075
0 0.7109375 0.39296875 0.121875 0.090625
1 0.7078125 0.47578125 0.121875 0.0703125
3 0.69296875 0.5453125 0.1328125 0.1
3 0.6671875 0.64296875 0.19375 0.11875
1 0.6625 0.715625 0.134375 0.0796875
3 0.571875 0.62734375 0.1234375 0.09375
0 0.85078125 0.46640625 0.178125 0.1328125
0 0.71015625 0.81484375 0.1625 0.11875
3 0.59453125 0.7765625 0.178125 0.109375
0 0.55703125 0.70625 0.0890625 0.0609375
0 0.51015625 0.70078125 0.0453125 0.0546875
3 0.4640625 0.678125 0.0828125 0.05625
2 0.48203125 0.6171875 0.0828125 0.05625
3 0.53828125 0.54453125 0.1421875 0.0796875
3 0.525 0.48671875 0.0921875 0.065625
2 0.42109375 0.4703125 0.115625 0.0734375
2 0.35 0.46484375 0.075 0.0546875
2 0.40859375 0.42890625 0.096875 0.059375
2 0.3328125 0.5203125 0.0515625 0.0375
2 0.309375 0.56171875 0.0453125 0.0328125
3 0.371875 0.6015625 0.0453125 0.034375
3 0.428125 0.59609375 0.05 0.04375
3 0.4234375 0.5421875 0.0546875 0.0390625
3 0.37734375 0.52734375 0.0421875 0.028125
3 0.40625 0.57421875 0.0515625 0.0375
3 0.47578125 0.540625 0.0671875 0.05625
3 0.621875 0.46640625 0.1359375 0.0921875
3 0.66484375 0.46015625 0.0984375 0.0734375
3 0.65234375 0.5578125 0.1546875 0.09375
0 0.43203125 0.81953125 0.075 0.0625
0 0.39296875 0.78203125 0.0484375 0.0484375
1 0.33359375 0.690625 0.0421875 0.01875
0 0.34921875 0.66875 0.0359375 0.0296875
0 0.32265625 0.6328125 0.021875 0.021875
2 0.28046875 0.5046875 0.03125 0.0234375
3 0.54609375 0.38671875 0.0875 0.071875
3 0.584375 0.3703125 0.0578125 0.0515625
1 0.690625 0.30625 0.0453125 0.0578125
1 0.6625 0.328125 0.0765625 0.0578125
1 0.634375 0.36875 0.075 0.06875
0 0.77421875 0.459375 0.134375 0.1078125
0 0.78359375 0.56328125 0.1796875 0.1234375
