1 0.40078125 0.6890625 0.2734375 0.61640625
1 0.7953125 0.72109375 0.325 0.546875
0 0.2421875 0.3859375 0.2 0.1890625
0 0.9234375 0.4875 0.15 0.325
1 0.80546875 0.309375 0.0609375 0.153125
0 0.3453125 0.29296875 0.084375 0.053125
3 0.19375 0.2640625 0.134375 0.078125
3 0.27109375 0.24296875 0.1515625 0.05859375
3 0.33359375 0.2390625 0.1203125 0.06640625
2 0.56015625 0.1734375 0.0984375 0.0859375
1 0.7 0.30390625 0.0625 0.153125
1 0.87265625 0.3359375 0.0515625 0.14453125
3 0.94609375 0.275 0.0953125 0.09453125
1 0.7734375 0.32109375 0.05 0.15859375
