1 0.2171875 0.47109375 0.434375 0.4921875
1 0.39921875 0.15390625 0.7296875 0.3078125
1 0.38828125 0.790625 0.7109375 0.309375
3 0.71171875 0.72265625 0.35 0.228125
1 0.77734375 0.40078125 0.1921875 0.1234375
0 0.778125 0.3046875 0.1515625 0.121875
2 0.77734375 0.89375 0.3140625 0.2125
2 0.55859375 0.9609375 0.7234375 0.078125
3 0.86484375 0.3984375 0.09375 0.11875
1 0.61796875 0.509375 0.4640625 0.2109375
3 0.82421875 0.11171875 0.175 0.184375
1 0.8125 0.20390625 0.128125 0.1109375
2 0.865625 0.70546875 0.075 0.0859375
