1 0.26171875 0.95 0.1953125 0.1
1 0.06171875 0.3 0.1234375 0.175
3 0.58359375 0.85703125 0.125 0.115625
0 0.55234375 0.94609375 0.0703125 0.065625
1 0.19453125 0.5296875 0.165625 0.1265625
1 0.24921875 0.61875 0.153125 0.1234375
1 0.27109375 0.7703125 0.153125 0.1328125
1 0.36328125 0.896875 0.134375 0.1234375
1 0.371875 0.796875 0.1328125 0.1140625
1 0.315625 0.696875 0.1546875 0.184375
1 0.26640625 0.3734375 0.115625 0.0890625
1 0.19296875 0.16328125 0.1109375 0.0765625
1 0.0703125 0.159375 0.140625 0.084375
0 0.43984375 0.65703125 0.0828125 0.059375
0 0.41796875 0.60078125 0.084375 0.0640625
0 0.40625 0.55234375 0.09375 0.0625
0 0.3484375 0.47734375 0.1 0.075
0 0.365625 0.4328125 0.0953125 0.0734375
3 0.4234375 0.42734375 0.075 0.05
0 0.40390625 0.48984375 0.0765625 0.05625
1 0.46328125 0.49375 0.05625 0.0328125
3 0.43515625 0.53203125 0.071875 0.0515625
3 0.48515625 0.56484375 0.084375 0.0515625
0 0.47578125 0.6390625 0.0671875 0.0515625
3 0.52421875 0.6203125 0.071875 0.05
2 0.56015625 0.55078125 0.04375 0.028125
3 0.49375 0.52578125 0.06875 0.0421875
3 0.46875 0.525 0.0625 0.0484375
0 0.44140625 0.48671875 0.0546875 0.046875
0 0.4625 0.4578125 0.0515625 0.0390625
3 0.50390625 0.48671875 0.059375 0.0421875
3 0.5375 0.51953125 0.0625 0.0359375
3 0.48828125 0.5625 0.08125 0.0515625
3 0.53046875 0.55546875 0.0453125 0.0375
3 0.540625 0.49296875 0.04375 0.03125
3 0.53046875 0.4546875 0.040625 0.03125
1 0.478125 0.4296875 0.0390625 0.0265625
1 0.46640625 0.41796875 0.025 0.028125
1 0.49453125 0.44765625 0.0359375 0.0296875
3 0.49765625 0.46171875 0.0390625 0.0265625
2 0.58984375 0.48671875 0.0390625 0.028125
2 0.59375 0.46796875 0.0390625 0.025
2 0.61875 0.4828125 0.03125 0.0203125
2 0.625 0.50625 0.025 0.0171875
0 0.53359375 0.590625 0.0375 0.028125
0 0.55625 0.58515625 0.0171875 0.0203125
0 0.56328125 0.58359375 0.015625 0.021875
3 0.5734375 0.57578125 0.0375 0.028125
3 0.58828125 0.5390625 0.021875 0.0203125
3 0.60234375 0.5484375 0.0171875 0.015625
3 0.61015625 0.54140625 0.01875 0.015625
3 0.60078125 0.53046875 0.0203125 0.015625
3 0.590625 0.5171875 0.0171875 0.0140625
3 0.57265625 0.515625 0.015625 0.0203125
3 0.58828125 0.56015625 0.021875 0.0203125
0 0.61640625 0.5921875 0.0203125 0.015625
1 0.61484375 0.66484375 0.0296875 0.01875
