0 0.31484375 0.84296875 0.3734375 0.30859375
1 0.8734375 0.70703125 0.109375 0.16953125
1 0.68046875 0.67109375 0.0484375 0.09140625
1 0.63046875 0.65390625 0.0359375 0.075
0 0.4515625 0.684375 0.078125 0.096875
3 0.49296875 0.66796875 0.0671875 0.103125
0 0.065625 0.75703125 0.128125 0.146875
1 0.16484375 0.7015625 0.1109375 0.125
0 0.33359375 0.7234375 0.1890625 0.1359375
0 0.38359375 0.69453125 0.0921875 0.0890625
3 0.28046875 0.64296875 0.0234375 0.03046875
1 0.28046875 0.65 0.0140625 0.03359375
1 0.35859375 0.640625 0.0234375 0.03046875
0 0.40390625 0.64140625 0.0296875 0.028125
0 0.3953125 0.6484375 0.04375 0.01953125
0 0.4515625 0.6375 0.03125 0.025
1 0.79453125 0.68359375 0.0453125 0.1
1 0.9421875 0.75 0.103125 0.29453125
