3 0.56953125 0.5015625 0.0515625 0.13046875
0 0.50703125 0.4765625 0.0359375 0.053125
0 0.39609375 0.4625 0.0390625 0.04140625
1 0.3046875 0.56796875 0.04375 0.0859375
1 0.33203125 0.528125 0.0359375 0.071875
1 0.24453125 0.6359375 0.0703125 0.06640625
1 0.8875 0.615625 0.053125 0.09140625
1 0.85546875 0.54609375 0.0515625 0.05859375
1 0.87109375 0.58046875 0.0578125 0.071875
1 0.82890625 0.52109375 0.0359375 0.046875
1 0.8328125 0.4859375 0.034375 0.0390625
1 0.81328125 0.4609375 0.0265625 0.0390625
1 0.79921875 0.55390625 0.0484375 0.053125
1 0.77890625 0.4390625 0.0234375 0.021875
1 0.7046875 0.60703125 0.028125 0.096875
1 0.73671875 0.590625 0.0203125 0.0640625
1 0.75390625 0.57890625 0.0203125 0.053125
1 0.7703125 0.59609375 0.03125 0.053125
1 0.96953125 0.553125 0.0359375 0.05546875
1 0.496875 0.3515625 0.00625 0.01953125
1 0.50078125 0.34140625 0.0078125 0.01640625
1 0.51640625 0.340625 0.0078125 0.01953125
0 0.52890625 0.34609375 0.0109375 0.01953125
0 0.54921875 0.340625 0.0109375 0.025
0 0.41171875 0.65703125 0.0703125 0.05859375
0 0.9265625 0.95859375 0.134375 0.078125
0 0.81484375 0.615625 0.0859375 0.0859375
0 0.76171875 0.6625 0.0828125 0.096875
0 0.96171875 0.615625 0.0703125 0.075
0 0.9609375 0.690625 0.075 0.06953125
3 0.81640625 0.69140625 0.0953125 0.05
0 0.703125 0.5734375 0.0625 0.0859375
0 0.9078125 0.5484375 0.078125 0.08046875
0 0.79140625 0.52109375 0.0546875 0.03046875
3 0.74609375 0.53046875 0.0578125 0.078125
0 0.67890625 0.52109375 0.0515625 0.0640625
2 0.68359375 0.3609375 0.0359375 0.03359375
2 0.66015625 0.35390625 0.0078125 0.025
2 0.634375 0.32890625 0.025 0.025
0 0.71328125 0.5 0.0421875 0.05
0 0.75390625 0.4890625 0.0421875 0.03359375
0 0.73046875 0.45703125 0.0421875 0.0359375
1 0.67421875 0.44140625 0.0203125 0.03359375
1 0.74140625 0.434375 0.0234375 0.01953125
0 0.709375 0.434375 0.03125 0.0359375
0 0.66015625 0.4875 0.0390625 0.05859375
0 0.64375 0.4640625 0.03125 0.05
3 0.63359375 0.43359375 0.0359375 0.0609375
3 0.671875 0.38046875 0.028125 0.03359375
3 0.61171875 0.39609375 0.0203125 0.0359375
3 0.61875 0.34140625 0.015625 0.021875
0 0.59453125 0.371875 0.0109375 0.028125
0 0.7140625 0.41953125 0.025 0.028125
0 0.67734375 0.4109375 0.0234375 0.021875
0 0.659375 0.4390625 0.0125 0.0390625
3 0.625 0.36953125 0.01875 0.01640625
0 0.5890625 0.35703125 0.0125 0.01953125
3 0.5859375 0.33203125 0.015625 0.01953125
2 0.59921875 0.309375 0.0109375 0.01953125
1 0.53984375 0.325 0.0078125 0.01640625
1 0.52734375 0.3125 0.0078125 0.0140625
0 0.54296875 0.30390625 0.0078125 0.00859375
0 0.5578125 0.32109375 0.009375 0.0140625
