3 0.9171875 0.45 0.15 0.1578125
0 0.74375 0.69765625 0.1828125 0.109375
0 0.59921875 0.75078125 0.1171875 0.096875
0 0.64296875 0.5796875 0.1171875 0.059375
0 0.5609375 0.4109375 0.0875 0.053125
0 0.4921875 0.4328125 0.0640625 0.0453125
0 0.45 0.57421875 0.059375 0.0328125
0 0.4078125 0.55703125 0.040625 0.0234375
0 0.43515625 0.603125 0.04375 0.0265625
0 0.3796875 0.5625 0.03125 0.0234375
0 0.384375 0.48515625 0.0359375 0.021875
0 0.8203125 0.4140625 0.2078125 0.1109375
0 0.67578125 0.2078125 0.1171875 0.1078125
0 0.50390625 0.31484375 0.0703125 0.05625
0 0.5234375 0.190625 0.065625 0.075
0 0.43125 0.328125 0.0359375 0.0390625
0 0.615625 0.0640625 0.1109375 0.115625
0 0.88515625 0.06171875 0.1921875 0.1234375
0 0.35859375 0.57109375 0.01875 0.01875
0 0.3546875 0.5578125 0.01875 0.0140625
0 0.325 0.52265625 0.015625 0.0109375
0 0.30859375 0.459375 0.009375 0.009375
0 0.42265625 0.446875 0.046875 0.0296875
0 0.396875 0.5203125 0.034375 0.021875
1 0.91796875 0.63203125 0.1609375 0.09375
1 0.8171875 0.55078125 0.2078125 0.06875
1 0.56875 0.546875 0.096875 0.0390625
1 0.4578125 0.54375 0.059375 0.025
1 0.39921875 0.45625 0.028125 0.015625
1 0.4125 0.49140625 0.040625 0.0171875
1 0.40859375 0.51484375 0.034375 0.0171875
1 0.42265625 0.53671875 0.04375 0.0203125
1 0.36640625 0.5453125 0.03125 0.0109375
1 0.36015625 0.5296875 0.03125 0.0109375
1 0.365625 0.5140625 0.03125 0.0109375
1 0.359375 0.51171875 0.025 0.0125
1 0.646875 0.10703125 0.1203125 0.0703125
1 0.5546875 0.209375 0.0859375 0.046875
1 0.5765625 0.25390625 0.0953125 0.05
1 0.50546875 0.25546875 0.059375 0.04375
1 0.40390625 0.31640625 0.0359375 0.0203125
0 0.47265625 0.28203125 0.0546875 0.0484375
0 0.4640625 0.3453125 0.05 0.040625
2 0.365625 0.36953125 0.0640625 0.0453125
1 0.3578125 0.3953125 0.025 0.0109375
1 0.36015625 0.46875 0.028125 0.0140625
2 0.2953125 0.54375 0.028125 0.0171875
2 0.3328125 0.54609375 0.040625 0.0203125
2 0.31328125 0.56328125 0.040625 0.0203125
2 0.29296875 0.51953125 0.01875 0.0125
3 0.29140625 0.496875 0.021875 0.0109375
3 0.325 0.48671875 0.028125 0.0109375
3 0.3421875 0.478125 0.025 0.015625
3 0.3625 0.48984375 0.03125 0.01875
3 0.34453125 0.4953125 0.028125 0.0140625
3 0.334375 0.51640625 0.025 0.0140625
0 0.33984375 0.43046875 0.021875 0.0140625
3 0.5859375 0.5 0.140625 0.059375
3 0.54296875 0.60546875 0.1234375 0.0640625
3 0.490625 0.6578125 0.0984375 0.0578125
1 0.590625 0.85 0.115625 0.0703125
1 0.60859375 0.91953125 0.1203125 0.06875
0 0.3875 0.59609375 0.0390625 0.025
0 0.36953125 0.5875 0.025 0.0171875
3 0.3328125 0.56640625 0.025 0.0140625
3 0.3109375 0.50625 0.0109375 0.0125
3 0.6421875 0.38359375 0.1671875 0.08125
3 0.44921875 0.46015625 0.071875 0.0328125
3 0.4296875 0.2921875 0.05 0.0453125
0 0.721875 0.01328125 0.071875 0.0265625
1 0.4640625 0.59375 0.040625 0.0265625
1 0.45546875 0.61796875 0.05625 0.0171875
1 0.675 0.48359375 0.1109375 0.040625
3 0.4375 0.196875 0.1046875 0.090625
0 0.384375 0.39453125 0.021875 0.021875
0 0.49375 0.12421875 0.0578125 0.053125
1 0.40703125 0.36640625 0.0359375 0.0109375
1 0.9328125 0.7359375 0.1265625 0.0578125
