1 0.46328125 0.86796875 0.1421875 0.2046875
1 0.65703125 0.88671875 0.1484375 0.1890625
1 0.79921875 0.915625 0.1609375 0.16875
1 0.82265625 0.840625 0.1328125 0.165625
1 0.9046875 0.8046875 0.0828125 0.1640625
0 0.73671875 0.7578125 0.1546875 0.15625
0 0.88828125 0.7359375 0.1234375 0.1234375
0 0.84765625 0.690625 0.1109375 0.1109375
0 0.89296875 0.6 0.08125 0.08125
0 0.7734375 0.4515625 0.0359375 0.0421875
1 0.8859375 0.49765625 0.0265625 0.0578125
3 0.9484375 0.49765625 0.103125 0.1171875
0 0.69765625 0.5578125 0.0515625 0.078125
0 0.63671875 0.55859375 0.0515625 0.084375
1 0.83515625 0.4359375 0.01875 0.0375
1 0.12578125 0.64296875 0.0578125 0.109375
1 0.14765625 0.5765625 0.0765625 0.1078125
0 0.58359375 0.5453125 0.0515625 0.09375
0 0.4921875 0.56171875 0.0625 0.0953125
0 0.4546875 0.5265625 0.0625 0.0890625
3 0.47109375 0.478125 0.0421875 0.075
0 0.5234375 0.5203125 0.046875 0.071875
0 0.5328125 0.48515625 0.0421875 0.05
0 0.5125 0.45390625 0.03125 0.0515625
0 0.5734375 0.50625 0.0453125 0.0640625
3 0.6234375 0.4703125 0.0375 0.078125
1 0.49453125 0.42734375 0.0203125 0.0359375
3 0.58828125 0.45078125 0.0375 0.0671875
1 0.54765625 0.46484375 0.025 0.0515625
3 0.5546875 0.428125 0.034375 0.065625
3 0.59921875 0.4046875 0.0265625 0.0609375
3 0.63046875 0.4234375 0.034375 0.0390625
2 0.63828125 0.3953125 0.0203125 0.0359375
1 0.61640625 0.40625 0.0140625 0.0265625
3 0.5765625 0.390625 0.0203125 0.0375
3 0.56171875 0.38125 0.0125 0.0203125
0 0.53125 0.41875 0.0203125 0.040625
1 0.5140625 0.41875 0.0234375 0.0328125
1 0.48046875 0.4328125 0.0234375 0.0203125
3 0.53203125 0.3859375 0.025 0.0359375
0 0.690625 0.51640625 0.04375 0.0640625
3 0.6921875 0.459375 0.0421875 0.078125
1 0.65546875 0.484375 0.028125 0.0546875
0 0.66796875 0.4359375 0.0234375 0.0359375
3 0.66875 0.39453125 0.0296875 0.0359375
