0 0.5453125 0.5484375 0.128125 0.071875
1 0.52890625 0.25625 0.1125 0.0765625
1 0.5125 0.1890625 0.1125 0.0671875
1 0.5015625 0.14609375 0.1046875 0.0515625
1 0.484375 0.1125 0.0625 0.03125
1 0.53125 0.925 0.1078125 0.0515625
0 0.609375 0.8484375 0.0953125 0.0734375
1 0.61015625 0.9390625 0.0921875 0.0375
1 0.7109375 0.78359375 0.0578125 0.0265625
1 0.7078125 0.8171875 0.0625 0.03125
1 0.71640625 0.753125 0.0625 0.025
1 0.78984375 0.68046875 0.0375 0.0203125
1 0.69609375 0.60390625 0.0625 0.03125
1 0.75859375 0.55234375 0.040625 0.01875
1 0.69140625 0.49609375 0.05625 0.0296875
1 0.7171875 0.4359375 0.0421875 0.025
1 0.7078125 0.4234375 0.028125 0.0265625
0 0.61171875 0.665625 0.0875 0.059375
0 0.59453125 0.60703125 0.0953125 0.0625
0 0.57421875 0.4578125 0.0921875 0.065625
0 0.609375 0.41953125 0.0875 0.0609375
0 0.63046875 0.534375 0.0765625 0.0546875
0 0.65859375 0.5953125 0.0640625 0.046875
3 0.7015625 0.56953125 0.0828125 0.046875
3 0.72734375 0.6328125 0.078125 0.04375
0 0.67265625 0.64140625 0.06875 0.05
0 0.628125 0.48515625 0.0734375 0.053125
0 0.67734375 0.44921875 0.05 0.0296875
0 0.6984375 0.459375 0.05 0.0359375
3 0.68828125 0.5265625 0.065625 0.04375
3 0.7109375 0.534375 0.06875 0.0375
3 0.7421875 0.5703125 0.05625 0.0359375
0 0.74375 0.6046875 0.0375 0.025
3 0.73125 0.49375 0.0640625 0.0359375
3 0.71328125 0.4921875 0.0390625 0.03125
0 0.6671875 0.4859375 0.0515625 0.0421875
1 0.725 0.453125 0.0390625 0.0296875
0 0.7328125 0.4703125 0.0375 0.025
3 0.7640625 0.4640625 0.0421875 0.0296875
3 0.77109375 0.5078125 0.04375 0.0265625
3 0.76015625 0.53359375 0.0671875 0.03125
3 0.7515625 0.45546875 0.01875 0.021875
2 0.82109375 0.50625 0.0484375 0.028125
2 0.82734375 0.4890625 0.0375 0.025
2 0.85234375 0.5078125 0.0375 0.021875
3 0.8078125 0.4875 0.0265625 0.015625
2 0.78203125 0.56796875 0.0359375 0.0234375
0 0.76796875 0.603125 0.01875 0.021875
3 0.7875 0.596875 0.0390625 0.0296875
3 0.82109375 0.5765625 0.0265625 0.0234375
3 0.83984375 0.56796875 0.015625 0.015625
3 0.82265625 0.553125 0.0171875 0.0140625
3 0.81015625 0.56171875 0.0234375 0.0171875
3 0.78828125 0.55859375 0.0375 0.025
0 0.82421875 0.53046875 0.0203125 0.0125
2 0.86015625 0.53203125 0.0203125 0.015625
0 0.77265625 0.49140625 0.0234375 0.015625
0 0.803125 0.68828125 0.03125 0.0296875
1 0.8390625 0.62578125 0.01875 0.00625
1 0.8421875 0.634375 0.01875 0.0078125
3 0.74765625 0.8875 0.125 0.1078125
