1 0.34609375 0.05625 0.11875 0.059375
1 0.303125 0.1203125 0.1328125 0.059375
1 0.32890625 0.1546875 0.1140625 0.0515625
1 0.56796875 0.2578125 0.046875 0.0265625
0 0.4484375 0.04765625 0.1 0.0953125
1 0.128125 0.52421875 0.184375 0.08125
1 0.15390625 0.578125 0.1296875 0.071875
1 0.13515625 0.62578125 0.096875 0.0671875
1 0.4078125 0.7 0.0390625 0.0265625
1 0.18046875 0.90390625 0.078125 0.0421875
1 0.3125 0.78828125 0.04375 0.025
1 0.46484375 0.26328125 0.0953125 0.053125
1 0.5609375 0.2984375 0.05 0.0296875
1 0.19765625 0.6875 0.10625 0.1
1 0.0828125 0.79453125 0.165625 0.1328125
1 0.14296875 0.78203125 0.1390625 0.1046875
1 0.246875 0.734375 0.1125 0.078125
1 0.19609375 0.76953125 0.1234375 0.09375
1 0.31484375 0.75234375 0.0625 0.0609375
1 0.28671875 0.8234375 0.0765625 0.071875
1 0.346875 0.721875 0.0671875 0.05625
1 0.409375 0.634375 0.046875 0.0484375
1 0.253125 0.85390625 0.0703125 0.071875
0 0.325 0.68671875 0.1 0.090625
0 0.315625 0.63671875 0.078125 0.0859375
0 0.3109375 0.56640625 0.1015625 0.08125
0 0.2828125 0.51328125 0.1328125 0.1046875
0 0.17421875 0.84375 0.171875 0.1515625
0 0.06953125 0.89140625 0.1390625 0.0765625
0 0.05859375 0.59140625 0.1171875 0.1578125
0 0.090625 0.6859375 0.18125 0.1625
0 0.02265625 0.74375 0.0453125 0.171875
3 0.3765625 0.60859375 0.0765625 0.0796875
0 0.36953125 0.65234375 0.0625 0.0578125
0 0.37421875 0.7046875 0.0453125 0.059375
3 0.4046875 0.66484375 0.053125 0.0578125
1 0.4265625 0.62421875 0.046875 0.040625
3 0.44453125 0.5953125 0.0546875 0.05
0 0.41015625 0.5796875 0.084375 0.0671875
3 0.25078125 0.61015625 0.1484375 0.121875
0 0.24609375 0.6796875 0.1109375 0.109375
0 0.34296875 0.49140625 0.1171875 0.08125
3 0.44453125 0.46875 0.1078125 0.0703125
0 0.43203125 0.3296875 0.0953125 0.06875
0 0.51015625 0.35 0.0609375 0.0546875
0 0.57421875 0.35859375 0.0453125 0.034375
0 0.625 0.3328125 0.034375 0.0265625
3 0.64921875 0.3796875 0.04375 0.0234375
0 0.65078125 0.35859375 0.0203125 0.0140625
0 0.66015625 0.3546875 0.0203125 0.0140625
1 0.671875 0.3375 0.0203125 0.0140625
0 0.18828125 0.53125 0.1765625 0.13125
2 0.50234375 0.61796875 0.1078125 0.109375
3 0.515625 0.54609375 0.08125 0.0640625
3 0.50390625 0.44921875 0.0734375 0.040625
3 0.540625 0.47421875 0.0515625 0.0390625
2 0.59453125 0.50078125 0.0609375 0.053125
1 0.52421875 0.5078125 0.0375 0.0265625
3 0.5953125 0.47421875 0.040625 0.03125
3 0.55 0.4265625 0.059375 0.03125
3 0.60234375 0.421875 0.046875 0.0265625
3 0.61015625 0.44453125 0.028125 0.021875
3 0.6171875 0.446875 0.04375 0.0265625
0 0.46875 0.54296875 0.0453125 0.0421875
0 0.428125 0.503125 0.0703125 0.0390625
1 0.4125 0.525 0.071875 0.0515625
0 0.39140625 0.47109375 0.090625 0.0671875
2 0.465625 0.175 0.21875 0.1375
