0 0.15078125 0.790625 0.3015625 0.31953125
0 0.88515625 0.72890625 0.1953125 0.19140625
0 0.71640625 0.7140625 0.0828125 0.0890625
3 0.53515625 0.71640625 0.0984375 0.1890625
1 0.4078125 0.696875 0.040625 0.08359375
3 0.6015625 0.69609375 0.059375 0.096875
3 0.63828125 0.69140625 0.0234375 0.0609375
3 0.88125 0.62890625 0.18125 0.125
3 0.69921875 0.659375 0.0390625 0.025
1 0.3453125 0.6984375 0.025 0.06953125
1 0.36640625 0.70703125 0.0234375 0.08046875
0 0.44296875 0.68359375 0.0171875 0.0390625
0 0.48125 0.69296875 0.01875 0.04140625
