0 0.68828125 0.47890625 0.51484375 0.2109375
0 0.07265625 0.38828125 0.05859375 0.0359375
0 0.29140625 0.4 0.10859375 0.053125
0 0.171875 0.390625 0.03125 0.04375
3 0.14453125 0.37109375 0.03984375 0.0359375
0 0.20078125 0.38671875 0.03984375 0.0328125
0 0.23203125 0.38046875 0.03515625 0.0203125
0 0.15546875 0.384375 0.02265625 0.028125
2 0.08671875 0.36015625 0.03125 0.0109375
2 0.06171875 0.36171875 0.01875 0.0078125
1 0.10859375 0.375 0.02109375 0.01875
1 0.08046875 0.375 0.02734375 0.015625
1 0.10234375 0.378125 0.0125 0.025
1 0.03671875 0.378125 0.01015625 0.021875
3 0.12109375 0.371875 0.0125 0.015625
2 0.28671875 0.36328125 0.03125 0.0171875
0 0.34140625 0.38828125 0.05859375 0.0390625
