3 0.1765625 0.68359375 0.165625 0.39453125
0 0.38671875 0.728125 0.1234375 0.271875
3 0.490625 0.55859375 0.096875 0.25546875
1 0.634375 0.8265625 0.1 0.303125
3 0.71875 0.67109375 0.1625 0.3140625
3 0.51875 0.415625 0.071875 0.11953125
0 0.58984375 0.39609375 0.0609375 0.10859375
1 0.6734375 0.3765625 0.059375 0.1140625
0 0.69375 0.490625 0.09375 0.11953125
1 0.60234375 0.2859375 0.0359375 0.078125
1 0.6171875 0.3375 0.025 0.08046875
3 0.50390625 0.29609375 0.0546875 0.103125
0 0.43671875 0.325 0.0546875 0.09453125
3 0.43671875 0.23203125 0.0421875 0.1140625
1 0.48515625 0.225 0.0265625 0.0609375
0 0.053125 0.45390625 0.10625 0.1359375
0 0.0828125 0.30859375 0.078125 0.0890625
0 0.2171875 0.20390625 0.034375 0.05859375
0 0.275 0.43359375 0.08125 0.13359375
0 0.30625 0.321875 0.05625 0.09453125
0 0.31875 0.25390625 0.046875 0.06953125
0 0.33125 0.20390625 0.0375 0.0640625
0 0.37421875 0.434375 0.0890625 0.175
1 0.4515625 0.384375 0.04375 0.11953125
2 0.378125 0.2390625 0.040625 0.1109375
0 0.5328125 0.2265625 0.034375 0.0640625
1 0.31171875 0.9609375 0.1140625 0.06640625
0 0.50703125 0.87890625 0.0921875 0.225
3 0.5328125 0.16953125 0.034375 0.0609375
1 0.56328125 0.24609375 0.0328125 0.075
0 0.55078125 0.2 0.0265625 0.05
0 0.496875 0.19140625 0.046875 0.05
3 0.47265625 0.165625 0.0296875 0.0640625
1 0.4109375 0.2015625 0.0125 0.05859375
1 0.43203125 0.15703125 0.0203125 0.03046875
0 0.49375 0.153125 0.01875 0.028125
0 0.48125 0.13046875 0.025 0.01640625
2 0.46796875 0.09140625 0.0296875 0.05546875
2 0.49375 0.07890625 0.028125 0.05859375
2 0.4640625 0.04453125 0.025 0.04453125
2 0.428125 0.040625 0.01875 0.03046875
2 0.3984375 0.03359375 0.015625 0.03359375
3 0.43359375 0.14296875 0.0296875 0.05859375
3 0.39765625 0.1484375 0.0265625 0.053125
3 0.39375 0.11640625 0.021875 0.04453125
1 0.95625 0.51796875 0.08125 0.16953125
1 0.86484375 0.484375 0.0890625 0.153125
3 0.33828125 0.159375 0.0359375 0.075
0 0.35859375 0.13359375 0.0234375 0.0390625
0 0.36328125 0.11953125 0.0234375 0.03359375
3 0.37578125 0.1 0.0203125 0.0390625
3 0.38359375 0.0734375 0.0171875 0.025
3 0.40234375 0.090625 0.0171875 0.025
3 0.42421875 0.09609375 0.0203125 0.03046875
1 0.41953125 0.12890625 0.0140625 0.04140625
3 0.43359375 0.084375 0.0203125 0.025
0 0.44609375 0.0765625 0.0078125 0.025
3 0.409375 0.059375 0.015625 0.01953125
1 0.28515625 0.096875 0.0078125 0.03359375
1 0.29140625 0.08203125 0.0078125 0.025
1 0.32421875 0.06953125 0.0109375 0.028125
1 0.3390625 0.05 0.009375 0.021875
0 0.34921875 0.04140625 0.0109375 0.01640625
1 0.36328125 0.04140625 0.0046875 0.01640625
3 0.0125 0.20390625 0.025 0.13046875
