0 0.21171875 0.85390625 0.1015625 0.16953125
0 0.34765625 0.86796875 0.0890625 0.175
0 0.46796875 0.865625 0.0984375 0.19140625
0 0.67109375 0.92109375 0.1234375 0.14140625
0 0.7640625 0.875 0.128125 0.18359375
3 0.7421875 0.759375 0.084375 0.175
0 0.67734375 0.7265625 0.0546875 0.103125
0 0.6484375 0.684375 0.06875 0.10859375
1 0.5671875 0.6984375 0.046875 0.1140625
3 0.49609375 0.6984375 0.0765625 0.11953125
3 0.39453125 0.69296875 0.0828125 0.18046875
1 0.32265625 0.70390625 0.0546875 0.125
3 0.390625 0.596875 0.071875 0.1109375
0 0.60546875 0.8359375 0.1015625 0.1609375
0 0.2359375 0.77109375 0.090625 0.146875
3 0.24921875 0.65 0.0765625 0.16640625
0 0.31015625 0.5984375 0.0453125 0.08046875
0 0.30546875 0.5515625 0.0484375 0.0359375
3 0.31796875 0.5015625 0.0421875 0.075
2 0.38203125 0.50703125 0.0421875 0.075
3 0.4640625 0.546875 0.053125 0.13359375
3 0.51796875 0.521875 0.0484375 0.08359375
2 0.5125 0.41640625 0.053125 0.10546875
2 0.503125 0.34609375 0.040625 0.06953125
2 0.55078125 0.39609375 0.0421875 0.09140625
2 0.4453125 0.340625 0.028125 0.046875
2 0.4 0.3265625 0.025 0.04140625
3 0.37421875 0.39609375 0.0265625 0.04140625
3 0.39140625 0.45 0.0359375 0.04453125
3 0.44296875 0.43359375 0.0296875 0.05
3 0.44765625 0.3859375 0.0203125 0.0390625
3 0.4078125 0.4234375 0.028125 0.046875
3 0.45546875 0.484375 0.0453125 0.05859375
3 0.55859375 0.6125 0.0671875 0.125
3 0.5734375 0.653125 0.05625 0.0890625
3 0.475 0.6609375 0.065625 0.14453125
0 0.1734375 0.5 0.05 0.06640625
0 0.2015625 0.45390625 0.040625 0.04140625
1 0.27890625 0.3765625 0.0109375 0.04140625
0 0.30390625 0.3875 0.0234375 0.03046875
0 0.3328125 0.35390625 0.01875 0.01953125
2 0.45 0.2859375 0.01875 0.028125
3 0.6203125 0.521875 0.05625 0.078125
3 0.64453125 0.55546875 0.0421875 0.05
1 0.72890625 0.64609375 0.0515625 0.0359375
1 0.7015625 0.6234375 0.04375 0.06953125
1 0.65625 0.60390625 0.05625 0.0640625
0 0.596875 0.759375 0.084375 0.11953125
0 0.496875 0.790625 0.090625 0.1640625
