0 0.6703125 0.94921875 0.334375 0.0875
0 0.89921875 0.62421875 0.1921875 0.29453125
0 0.1453125 0.73828125 0.225 0.31953125
0 0.04296875 0.3421875 0.0859375 0.16484375
0 0.16484375 0.2265625 0.0671875 0.12265625
0 0.19140625 0.13125 0.0484375 0.0875
0 0.3234375 0.240625 0.046875 0.115625
0 0.3921875 0.25625 0.05 0.140625
0 0.45390625 0.2578125 0.0515625 0.14375
0 0.56328125 0.31015625 0.0703125 0.13671875
0 0.56328125 0.16171875 0.0421875 0.084375
0 0.525 0.23671875 0.053125 0.115625
0 0.51953125 0.17734375 0.0453125 0.09453125
0 0.3359375 0.17890625 0.04375 0.084375
0 0.38828125 0.1875 0.0421875 0.0875
0 0.3671875 0.07734375 0.021875 0.04921875
0 0.36484375 0.0453125 0.0234375 0.03515625
0 0.52734375 0.08046875 0.0234375 0.05625
0 0.54296875 0.128125 0.0359375 0.0734375
1 0.63359375 0.18046875 0.0359375 0.09453125
1 0.58828125 0.1125 0.0265625 0.03515625
1 0.57109375 0.09453125 0.0234375 0.04921875
1 0.55 0.08046875 0.03125 0.0421875
1 0.503125 0.14765625 0.028125 0.084375
0 0.46640625 0.20546875 0.0484375 0.10859375
3 0.46640625 0.1453125 0.0421875 0.0875
3 0.4953125 0.08046875 0.03125 0.07734375
3 0.4546875 0.1140625 0.034375 0.09453125
3 0.41171875 0.13515625 0.0421875 0.10859375
3 0.40703125 0.0734375 0.0359375 0.07734375
3 0.44609375 0.0453125 0.0296875 0.084375
3 0.47421875 0.03125 0.0234375 0.0625
3 0.5265625 0.03515625 0.03125 0.06328125
0 0.53984375 0.04921875 0.0234375 0.028125
3 0.36875 0.015625 0.025 0.03125
2 0.40234375 0.02265625 0.0234375 0.0453125
1 0.425 0.0453125 0.015625 0.04921875
3 0.49375 0.02265625 0.0125 0.03125
1 0.3765625 0.14921875 0.025 0.08046875
3 0.3390625 0.10703125 0.040625 0.10859375
0 0.08125 0.4734375 0.109375 0.16875
3 0.05859375 0.11015625 0.1078125 0.171875
1 0.153125 0.11015625 0.015625 0.0734375
