3 0.1703125 0.671875 0.1796875 0.4
0 0.37890625 0.72421875 0.1328125 0.2765625
3 0.48828125 0.55859375 0.10625 0.259375
1 0.62265625 0.83125 0.1109375 0.30625
3 0.7125 0.67890625 0.1734375 0.3203125
3 0.521875 0.41640625 0.0765625 0.121875
0 0.59375 0.39921875 0.0640625 0.1109375
1 0.67734375 0.3828125 0.0640625 0.115625
0 0.69375 0.49765625 0.0984375 0.121875
1 0.609375 0.28984375 0.0390625 0.0796875
1 0.62265625 0.34140625 0.028125 0.0828125
3 0.5109375 0.29609375 0.0578125 0.1046875
0 0.44296875 0.32265625 0.0578125 0.0953125
3 0.44609375 0.2296875 0.046875 0.115625
1 0.49453125 0.225 0.028125 0.0625
0 0.0546875 0.43828125 0.109375 0.1390625
0 0.08984375 0.29453125 0.08125 0.0921875
0 0.22734375 0.19453125 0.0359375 0.0609375
0 0.27734375 0.42578125 0.0859375 0.1375
0 0.3125 0.31484375 0.059375 0.0953125
0 0.32734375 0.24765625 0.05 0.0703125
0 0.34140625 0.1984375 0.0390625 0.065625
0 0.3765625 0.4296875 0.0953125 0.178125
1 0.45546875 0.3828125 0.0484375 0.1203125
2 0.3875 0.23515625 0.04375 0.1125
0 0.5421875 0.228125 0.0359375 0.065625
1 0.29609375 0.95390625 0.115625 0.0703125
0 0.49375 0.87890625 0.1 0.228125
3 0.54453125 0.17109375 0.0359375 0.0625
1 0.571875 0.2484375 0.0359375 0.0765625
0 0.5609375 0.20234375 0.028125 0.0515625
0 0.5078125 0.19140625 0.0484375 0.0515625
3 0.484375 0.16484375 0.03125 0.065625
1 0.42109375 0.1984375 0.0140625 0.059375
1 0.44375 0.1546875 0.021875 0.03125
0 0.50625 0.153125 0.0203125 0.028125
0 0.49453125 0.1296875 0.025 0.0171875
2 0.48203125 0.090625 0.03125 0.0578125
2 0.50859375 0.07890625 0.0296875 0.0609375
2 0.4796875 0.04375 0.0265625 0.0453125
2 0.44453125 0.03828125 0.0203125 0.03125
2 0.41484375 0.03046875 0.0171875 0.034375
3 0.44609375 0.140625 0.03125 0.0609375
3 0.41015625 0.1453125 0.028125 0.0546875
3 0.40703125 0.11328125 0.0234375 0.04375
1 0.95546875 0.53359375 0.0875 0.171875
1 0.86484375 0.496875 0.09375 0.15625
3 0.35 0.15390625 0.0390625 0.0765625
0 0.37109375 0.12890625 0.025 0.040625
0 0.3765625 0.11484375 0.025 0.0359375
3 0.38984375 0.09609375 0.021875 0.0390625
3 0.3984375 0.06953125 0.01875 0.025
3 0.41640625 0.0875 0.01875 0.025
3 0.43828125 0.09375 0.021875 0.03125
1 0.4328125 0.1265625 0.015625 0.040625
3 0.4484375 0.08203125 0.021875 0.025
0 0.4609375 0.075 0.009375 0.025
3 0.425 0.05625 0.015625 0.01875
1 0.29921875 0.08984375 0.009375 0.034375
1 0.30625 0.075 0.009375 0.025
1 0.3390625 0.06328125 0.0125 0.028125
1 0.3546875 0.04453125 0.009375 0.021875
0 0.365625 0.03671875 0.0109375 0.015625
1 0.3796875 0.03671875 0.0046875 0.015625
3 0.0234375 0.18671875 0.0296875 0.1328125
