1 0.02734375 0.7984375 0.0515625 0.125
1 0.1203125 0.76640625 0.040625 0.10546875
1 0.77265625 0.7265625 0.0203125 0.053125
1 0.73984375 0.721875 0.0390625 0.0609375
1 0.828125 0.71796875 0.025 0.053125
0 0.6734375 0.8 0.134375 0.1390625
0 0.56328125 0.7734375 0.1078125 0.096875
0 0.659375 0.75546875 0.128125 0.08359375
0 0.39921875 0.753125 0.0734375 0.071875
1 0.22421875 0.72890625 0.0171875 0.053125
0 0.03828125 0.74453125 0.0421875 0.05
2 0.0109375 0.70390625 0.021875 0.0359375
1 0.16875 0.71796875 0.009375 0.04140625
0 0.87421875 0.74296875 0.0609375 0.075
1 0.96328125 0.75 0.0640625 0.11640625
