3 0.48046875 0.675 0.1078125 0.29453125
0 0.65390625 0.7765625 0.1203125 0.253125
0 0.68203125 0.59140625 0.0796875 0.13359375
0 0.3484375 0.7359375 0.096875 0.2109375
0 0.1703125 0.646875 0.121875 0.128125
0 0.24140625 0.509375 0.0828125 0.09140625
0 0.21484375 0.465625 0.0703125 0.075
0 0.290625 0.43359375 0.053125 0.06640625
0 0.2578125 0.3890625 0.05 0.05546875
0 0.3015625 0.38359375 0.040625 0.05
0 0.38828125 0.56796875 0.0734375 0.11953125
0 0.3078125 0.32109375 0.025 0.0359375
0 0.35234375 0.34609375 0.0203125 0.04140625
0 0.31171875 0.346875 0.0171875 0.03359375
0 0.34609375 0.29453125 0.0234375 0.03359375
0 0.41640625 0.42109375 0.0421875 0.08046875
3 0.434375 0.46640625 0.05 0.11640625
0 0.0984375 0.57109375 0.11875 0.11953125
1 0.13203125 0.46796875 0.0328125 0.075
1 0.17578125 0.43203125 0.0265625 0.075
1 0.21328125 0.39609375 0.0234375 0.053125
3 0.1875 0.35703125 0.090625 0.10859375
0 0.57578125 0.34296875 0.0328125 0.053125
0 0.5421875 0.44140625 0.04375 0.08359375
0 0.48046875 0.39453125 0.0390625 0.06640625
0 0.578125 0.2984375 0.025 0.0359375
3 0.44296875 0.29609375 0.0234375 0.046875
3 0.4859375 0.34609375 0.034375 0.0640625
0 0.60625 0.49453125 0.0625 0.10546875
0 0.60625 0.4109375 0.046875 0.06640625
1 0.54921875 0.9125 0.0921875 0.15859375
1 0.84296875 0.484375 0.0734375 0.11953125
1 0.56640625 0.57890625 0.0484375 0.13046875
1 0.50390625 0.50703125 0.0421875 0.096875
1 0.54453125 0.49140625 0.0390625 0.09453125
1 0.4390625 0.37890625 0.028125 0.053125
1 0.44453125 0.32109375 0.0203125 0.04140625
1 0.51640625 0.34296875 0.0203125 0.053125
1 0.55390625 0.378125 0.0265625 0.0609375
1 0.54140625 0.3375 0.0203125 0.053125
1 0.51015625 0.321875 0.0171875 0.04453125
1 0.528125 0.3109375 0.015625 0.0390625
2 0.53828125 0.2609375 0.0328125 0.078125
0 0.5140625 0.246875 0.0125 0.021875
3 0.478125 0.29140625 0.021875 0.04453125
3 0.471875 0.27890625 0.01875 0.04140625
3 0.50390625 0.278125 0.0203125 0.03359375
3 0.49609375 0.26953125 0.0140625 0.03359375
0 0.484375 0.25859375 0.0125 0.021875
0 0.459375 0.26796875 0.0125 0.025
3 0.46796875 0.24296875 0.0140625 0.03046875
2 0.50546875 0.2 0.0140625 0.021875
0 0.5796875 0.2734375 0.021875 0.03046875
0 0.62109375 0.35703125 0.0390625 0.0640625
0 0.603125 0.321875 0.028125 0.0390625
0 0.56640625 0.25859375 0.0203125 0.021875
2 0.553125 0.21640625 0.01875 0.028125
2 0.53203125 0.20390625 0.0171875 0.04140625
3 0.49296875 0.21953125 0.0109375 0.01640625
2 0.48515625 0.19453125 0.0109375 0.01640625
3 0.509375 0.21953125 0.0125 0.0109375
1 0.07890625 0.496875 0.0671875 0.06640625
1 0.02578125 0.525 0.0421875 0.08359375
0 0.115625 0.4140625 0.05 0.0609375
3 0.37109375 0.26640625 0.0203125 0.028125
1 0.36328125 0.3015625 0.0203125 0.0359375
2 0.4234375 0.2265625 0.021875 0.0359375
3 0.4796875 0.21796875 0.009375 0.0140625
3 0.55859375 0.2390625 0.0109375 0.01640625
0 0.48828125 0.440625 0.0390625 0.08046875
1 0.21328125 0.8015625 0.0609375 0.153125
1 0.16328125 0.88359375 0.1265625 0.171875
1 0.83046875 0.834375 0.0640625 0.2140625
1 0.79375 0.675 0.046875 0.1609375
