0 0.75078125 0.6984375 0.1109375 0.13046875
2 0.084375 0.56796875 0.16875 0.55859375
1 0.43671875 0.703125 0.0578125 0.13359375
0 0.2953125 0.690625 0.109375 0.1359375
1 0.64375 0.7 0.021875 0.078125
3 0.859375 0.6625 0.0875 0.046875
2 0.59765625 0.65390625 0.0609375 0.103125
3 0.675 0.65 0.05 0.0609375
2 0.52890625 0.6515625 0.0359375 0.0859375
3 0.48046875 0.68359375 0.0484375 0.10546875
3 0.40390625 0.6765625 0.0359375 0.0859375
1 0.38203125 0.66796875 0.0203125 0.053125
0 0.69609375 0.684375 0.0359375 0.05859375
