1 0.23671875 0.784375 0.0703125 0.16953125
1 0.95234375 0.8625 0.0828125 0.18046875
1 0.9328125 0.8 0.1 0.15
1 0.85390625 0.6984375 0.0703125 0.13046875
1 0.9046875 0.7390625 0.090625 0.121875
1 0.85390625 0.60390625 0.0640625 0.0640625
1 0.94453125 0.61796875 0.0734375 0.0640625
1 0.8140625 0.57890625 0.053125 0.06953125
1 0.2625 0.546875 0.0375 0.0890625
1 0.22578125 0.6234375 0.0328125 0.096875
2 0.06953125 0.80703125 0.1390625 0.375
0 0.3546875 0.54296875 0.05625 0.08046875
0 0.278125 0.415625 0.028125 0.046875
0 0.2546875 0.940625 0.125 0.10859375
0 0.39375 0.84453125 0.115625 0.178125
3 0.33125 0.340625 0.025 0.0640625
0 0.30703125 0.3359375 0.0171875 0.028125
0 0.303125 0.315625 0.015625 0.025
3 0.290625 0.2875 0.015625 0.00859375
1 0.278125 0.30546875 0.0125 0.021875
1 0.2890625 0.30390625 0.009375 0.01953125
0 0.3296875 0.2984375 0.0125 0.00859375
3 0.3453125 0.309375 0.015625 0.03046875
0 0.31328125 0.30546875 0.0109375 0.021875
0 0.8359375 0.88359375 0.165625 0.171875
0 0.7421875 0.9375 0.153125 0.096875
0 0.9140625 0.9625 0.153125 0.046875
3 0.70546875 0.7234375 0.1140625 0.16953125
1 0.6328125 0.88046875 0.05625 0.19453125
1 0.69140625 0.84296875 0.0578125 0.13046875
1 0.74765625 0.84609375 0.0390625 0.103125
1 0.7265625 0.825 0.04375 0.14453125
0 0.5875 0.72109375 0.10625 0.14140625
0 0.96171875 0.71796875 0.0671875 0.125
0 0.7765625 0.6140625 0.09375 0.10546875
0 0.6734375 0.584375 0.084375 0.09140625
1 0.56640625 0.55546875 0.0421875 0.06640625
2 0.6359375 0.42109375 0.1125 0.103125
3 0.5578125 0.428125 0.053125 0.06640625
0 0.54609375 0.6515625 0.0734375 0.125
0 0.50859375 0.5984375 0.0703125 0.096875
0 0.59296875 0.60390625 0.0734375 0.096875
1 0.68515625 0.53046875 0.0546875 0.0390625
3 0.490625 0.534375 0.065625 0.125
3 0.471875 0.42109375 0.0375 0.05859375
3 0.446875 0.478125 0.046875 0.0890625
3 0.41328125 0.425 0.0203125 0.071875
3 0.4046875 0.3984375 0.028125 0.046875
2 0.48671875 0.3484375 0.0484375 0.0640625
3 0.4578125 0.359375 0.03125 0.04140625
1 0.51484375 0.43359375 0.0265625 0.04453125
3 0.51953125 0.39140625 0.0484375 0.04453125
2 0.5640625 0.3859375 0.040625 0.04453125
3 0.3953125 0.35859375 0.028125 0.05
0 0.4203125 0.3484375 0.01875 0.04140625
2 0.4203125 0.29609375 0.01875 0.025
0 0.38984375 0.32109375 0.0140625 0.0140625
0 0.38671875 0.2984375 0.0140625 0.0140625
3 0.37734375 0.31796875 0.0171875 0.0359375
1 0.80859375 0.7515625 0.0921875 0.096875
0 0.78984375 0.7015625 0.1171875 0.09140625
0 0.71640625 0.63359375 0.0859375 0.0609375
0 0.78671875 0.553125 0.0671875 0.05
3 0.63671875 0.503125 0.0515625 0.05546875
3 0.57421875 0.4890625 0.0515625 0.05
0 0.54609375 0.54609375 0.0484375 0.075
1 0.7140625 0.478125 0.01875 0.0390625
0 0.73359375 0.525 0.0578125 0.05546875
