3 0.671875 0.66796875 0.09375 0.05
0 0.62578125 0.7328125 0.0453125 0.0359375
1 0.42578125 0.890625 0.1046875 0.0828125
0 0.56640625 0.834375 0.0484375 0.053125
2 0.065625 0.8578125 0.13125 0.140625
1 0.48828125 0.890625 0.0484375 0.0546875
1 0.40859375 0.24140625 0.1734375 0.1140625
1 0.56875 0.33046875 0.1 0.06875
1 0.596875 0.3515625 0.0859375 0.0625
1 0.68515625 0.409375 0.0375 0.0359375
1 0.6890625 0.3734375 0.04375 0.0375
1 0.64609375 0.4 0.05 0.0390625
3 0.3859375 0.33203125 0.2625 0.18125
3 0.609375 0.46796875 0.08125 0.06875
0 0.67734375 0.5 0.04375 0.0453125
0 0.465625 0.421875 0.140625 0.1015625
1 0.51875 0.4875 0.10625 0.046875
0 0.18359375 0.1859375 0.265625 0.1984375
0 0.3171875 0.171875 0.1671875 0.103125
0 0.49453125 0.2234375 0.1578125 0.125
0 0.4765625 0.32578125 0.1296875 0.1125
0 0.59296875 0.26015625 0.096875 0.0828125
0 0.5609375 0.21484375 0.09375 0.06875
0 0.640625 0.22734375 0.06875 0.0546875
0 0.63671875 0.32890625 0.0875 0.08125
0 0.5515625 0.49765625 0.0984375 0.075
0 0.59453125 0.53046875 0.0765625 0.0609375
0 0.6234375 0.553125 0.0703125 0.046875
0 0.675 0.5 0.04375 0.0453125
0 0.671875 0.44609375 0.0609375 0.0515625
1 0.70078125 0.45078125 0.0328125 0.028125
1 0.70703125 0.4140625 0.01875 0.0265625
1 0.7015625 0.49375 0.0234375 0.025
0 0.690625 0.52421875 0.040625 0.0375
1 0.675 0.55390625 0.0390625 0.0265625
3 0.67109375 0.590625 0.065625 0.04375
2 0.74765625 0.5546875 0.0546875 0.053125
0 0.71171875 0.525 0.0296875 0.028125
3 0.73671875 0.571875 0.0359375 0.0328125
0 0.70390625 0.70078125 0.03125 0.025
3 0.70234375 0.62109375 0.04375 0.0296875
3 0.7296875 0.6140625 0.034375 0.025
0 0.6765625 0.56484375 0.0375 0.028125
0 0.64921875 0.534375 0.05 0.04375
0 0.63203125 0.5046875 0.05625 0.0453125
0 0.65 0.471875 0.0453125 0.0515625
0 0.71015625 0.46640625 0.0234375 0.03125
2 0.775 0.615625 0.0359375 0.03125
1 0.3078125 0.94296875 0.0953125 0.0703125
3 0.58046875 0.0859375 0.165625 0.1609375
3 0.40546875 0.09140625 0.2734375 0.1828125
0 0.259375 0.10703125 0.34375 0.2140625
1 0.7375 0.7453125 0.0171875 0.009375
1 0.746875 0.73984375 0.0171875 0.0109375
1 0.75390625 0.728125 0.015625 0.009375
