3 0.37109375 0.296875 0.0328125 0.0890625
0 0.2984375 0.32890625 0.028125 0.04140625
1 0.10234375 0.49140625 0.0640625 0.09453125
0 0.18671875 0.365625 0.0453125 0.04140625
2 0.05078125 0.89140625 0.1015625 0.2
1 0.115625 0.43046875 0.046875 0.0390625
1 0.73359375 0.64296875 0.0828125 0.15859375
1 0.68046875 0.46796875 0.0515625 0.09140625
1 0.665625 0.4359375 0.046875 0.078125
1 0.62734375 0.3375 0.0296875 0.03046875
1 0.66328125 0.34140625 0.0296875 0.0390625
1 0.628125 0.378125 0.03125 0.04453125
3 0.640625 0.646875 0.134375 0.2390625
3 0.55390625 0.4 0.0546875 0.071875
0 0.53671875 0.3265625 0.0390625 0.0359375
0 0.56953125 0.55 0.0765625 0.128125
1 0.51640625 0.484375 0.0265625 0.103125
0 0.74140625 0.875 0.1515625 0.2390625
0 0.7828125 0.746875 0.071875 0.15546875
0 0.76953125 0.5625 0.0984375 0.14140625
0 0.665625 0.559375 0.090625 0.1140625
0 0.75390625 0.45859375 0.0671875 0.08359375
0 0.79140625 0.5 0.0515625 0.08359375
0 0.79609375 0.41953125 0.0421875 0.0609375
0 0.69609375 0.4015625 0.0671875 0.075
0 0.51328125 0.45 0.0578125 0.0890625
0 0.48984375 0.4015625 0.0484375 0.06953125
0 0.4734375 0.36796875 0.034375 0.0640625
0 0.53671875 0.32890625 0.0390625 0.0359375
0 0.58828125 0.34296875 0.0421875 0.053125
1 0.58984375 0.3140625 0.0234375 0.028125
1 0.62734375 0.315625 0.0234375 0.0140625
1 0.5484375 0.30390625 0.021875 0.01953125
0 0.515625 0.30859375 0.03125 0.03359375
1 0.48359375 0.31796875 0.0203125 0.0359375
3 0.446875 0.3140625 0.03125 0.0609375
2 0.4984375 0.24609375 0.04375 0.046875
0 0.51953125 0.2875 0.0234375 0.025
3 0.47890625 0.25390625 0.0265625 0.03046875
0 0.34609375 0.25859375 0.0203125 0.028125
3 0.4234375 0.2765625 0.021875 0.04140625
3 0.4359375 0.2515625 0.01875 0.03046875
0 0.4734375 0.3140625 0.021875 0.03359375
0 0.49765625 0.346875 0.0359375 0.04453125
0 0.52265625 0.36953125 0.0359375 0.05
0 0.55859375 0.359375 0.0453125 0.0359375
0 0.5765625 0.3015625 0.028125 0.01953125
2 0.44375 0.20703125 0.025 0.03046875
1 0.0265625 0.59609375 0.053125 0.0859375
3 0.921875 0.50703125 0.134375 0.14140625
3 0.90390625 0.68203125 0.1859375 0.24140625
0 0.86875 0.8234375 0.228125 0.303125
1 0.309375 0.21640625 0.00625 0.01640625
1 0.31640625 0.20859375 0.0078125 0.01640625
1 0.3296875 0.20390625 0.00625 0.0140625
