0 0.50234375 0.3109375 0.271875 0.5375
0 0.33671875 0.91015625 0.0421875 0.0640625
0 0.375 0.69453125 0.065625 0.115625
0 0.3515625 0.8125 0.046875 0.0359375
3 0.32890625 0.8375 0.040625 0.0453125
0 0.35078125 0.7828125 0.0375 0.04375
0 0.3484375 0.7515625 0.025 0.0359375
0 0.34296875 0.828125 0.03125 0.025
2 0.3109375 0.89296875 0.0140625 0.0328125
2 0.309375 0.91796875 0.009375 0.0203125
1 0.328125 0.8734375 0.021875 0.0234375
1 0.325 0.90078125 0.01875 0.0296875
1 0.33046875 0.8796875 0.0265625 0.015625
1 0.32265625 0.9453125 0.0234375 0.0125
3 0.3265625 0.86015625 0.0171875 0.0140625
2 0.33828125 0.6953125 0.0203125 0.0328125
0 0.36953125 0.64375 0.0453125 0.0640625
