3 0.19609375 0.90859375 0.1234375 0.1609375
0 0.3921875 0.91796875 0.234375 0.146875
0 0.53828125 0.8859375 0.2234375 0.2
0 0.83046875 0.9375 0.2859375 0.103125
0 0.22578125 0.73203125 0.1828125 0.146875
1 0.13359375 0.634375 0.1140625 0.125
1 0.2703125 0.6234375 0.06875 0.103125
1 0.3484375 0.65703125 0.09375 0.11953125
1 0.4765625 0.67109375 0.090625 0.125
1 0.50078125 0.6375 0.0765625 0.1140625
1 0.20546875 0.4265625 0.0296875 0.05859375
1 0.1484375 0.4609375 0.021875 0.0609375
1 0.16953125 0.41640625 0.0171875 0.05
0 0.328125 0.50390625 0.046875 0.075
0 0.38671875 0.50703125 0.0453125 0.08046875
0 0.43828125 0.50390625 0.0421875 0.0859375
1 0.875 0.59609375 0.071875 0.10859375
0 0.52734375 0.534375 0.0546875 0.08046875
0 0.56640625 0.50390625 0.0546875 0.08046875
3 0.55546875 0.45703125 0.0359375 0.08046875
0 0.49765625 0.490625 0.0390625 0.06953125
0 0.51796875 0.4234375 0.0296875 0.046875
1 0.55234375 0.40703125 0.0203125 0.01953125
1 0.540625 0.4 0.01875 0.03359375
1 0.4828125 0.42890625 0.021875 0.046875
3 0.478125 0.390625 0.025 0.05859375
3 0.4609375 0.35390625 0.021875 0.0359375
0 0.49296875 0.45703125 0.0359375 0.053125
0 0.52890625 0.44140625 0.0234375 0.04453125
0 0.33671875 0.4640625 0.0390625 0.0609375
0 0.384375 0.4609375 0.040625 0.05
1 0.3765625 0.43203125 0.021875 0.046875
3 0.40546875 0.4265625 0.0359375 0.075
3 0.4515625 0.43046875 0.03125 0.05546875
3 0.44921875 0.471875 0.0390625 0.06640625
3 0.4421875 0.409375 0.028125 0.0640625
3 0.43515625 0.365625 0.0234375 0.05859375
1 0.4203125 0.36796875 0.0125 0.0359375
1 0.51875 0.390625 0.021875 0.03046875
3 0.50390625 0.35703125 0.0234375 0.04140625
3 0.4859375 0.40859375 0.025 0.03359375
0 0.50234375 0.3890625 0.0203125 0.03359375
3 0.409375 0.3375 0.015625 0.03046875
2 0.39921875 0.34609375 0.0171875 0.03046875
3 0.40234375 0.38203125 0.0296875 0.046875
3 0.34140625 0.40390625 0.0359375 0.0640625
0 0.36875 0.3890625 0.01875 0.03359375
0 0.3671875 0.36953125 0.021875 0.01640625
3 0.36953125 0.34453125 0.0203125 0.03359375
2 0.45546875 0.30546875 0.0203125 0.0390625
2 0.47421875 0.29453125 0.0203125 0.028125
3 0.40234375 0.321875 0.0140625 0.021875
0 0.38046875 0.32890625 0.0171875 0.01953125
3 0.43203125 0.33203125 0.0203125 0.00859375
3 0.4265625 0.3125 0.0125 0.00859375
0 0.47578125 0.34609375 0.0109375 0.01953125
3 0.47578125 0.315625 0.0140625 0.025
1 0.07734375 0.51640625 0.0421875 0.08359375
3 0.08359375 0.4125 0.0953125 0.10859375
0 0.33359375 0.315625 0.0171875 0.01953125
3 0.33515625 0.3015625 0.0171875 0.00859375
3 0.39609375 0.29296875 0.0109375 0.0140625
3 0.40859375 0.30859375 0.0109375 0.01640625
0 0.434375 0.30546875 0.009375 0.01640625
