0 0.2859375 0.82578125 0.3984375 0.340625
1 0.85390625 0.7390625 0.1234375 0.178125
1 0.66484375 0.6859375 0.05625 0.09375
1 0.61640625 0.66484375 0.0421875 0.078125
0 0.4359375 0.6796875 0.0859375 0.103125
3 0.478125 0.66640625 0.0765625 0.1078125
0 0.05703125 0.71796875 0.1140625 0.1578125
1 0.1484375 0.671875 0.121875 0.134375
0 0.31484375 0.7078125 0.2 0.1515625
0 0.3671875 0.68359375 0.1 0.096875
3 0.26875 0.6234375 0.0265625 0.0328125
1 0.26796875 0.63046875 0.0171875 0.0359375
1 0.346875 0.628125 0.0265625 0.0328125
0 0.3921875 0.6328125 0.03125 0.03125
0 0.3828125 0.6390625 0.0453125 0.021875
0 0.43984375 0.6328125 0.0328125 0.028125
1 0.77734375 0.70859375 0.053125 0.103125
1 0.91875 0.7875 0.128125 0.3015625
