1 0.18203125 0.72109375 0.1765625 0.09375
1 0.203125 0.02734375 0.190625 0.0546875
1 0.2625 0.04453125 0.1625 0.0890625
1 0.353125 0.121875 0.1390625 0.0875
1 0.31953125 0.065625 0.1328125 0.10625
1 0.44609375 0.13515625 0.071875 0.071875
1 0.4453125 0.04375 0.0734375 0.08125
1 0.465625 0.178125 0.075 0.0625
1 0.4203125 0.72890625 0.09375 0.05
1 0.33984375 0.7546875 0.1 0.0453125
2 0.165625 0.8828125 0.33125 0.190625
0 0.4375 0.63828125 0.0890625 0.0671875
0 0.55234375 0.73125 0.05 0.034375
0 0.04609375 0.68046875 0.0921875 0.1390625
0 0.14375 0.55703125 0.1921875 0.1390625
3 0.634375 0.6890625 0.0671875 0.034375
0 0.6359375 0.7140625 0.0296875 0.0203125
0 0.65546875 0.7203125 0.0265625 0.01875
3 0.68125 0.73671875 0.0109375 0.0171875
1 0.66171875 0.746875 0.0234375 0.015625
1 0.66484375 0.7359375 0.0203125 0.0125
0 0.67578125 0.696875 0.0109375 0.0140625
3 0.6671875 0.6796875 0.0328125 0.0203125
0 0.66640625 0.71171875 0.0234375 0.0140625
0 0.1671875 0.1140625 0.19375 0.1875
0 0.10078125 0.19921875 0.1171875 0.165625
0 0.09921875 0.05234375 0.0671875 0.1046875
3 0.30703125 0.265625 0.1828125 0.1359375
1 0.14140625 0.315625 0.2 0.0828125
1 0.18671875 0.2625 0.1375 0.075
1 0.19140625 0.20625 0.1078125 0.053125
1 0.209375 0.23046875 0.1484375 0.0640625
0 0.29296875 0.3828125 0.1546875 0.125
0 0.34765625 0.02734375 0.1328125 0.0546875
0 0.42578125 0.21015625 0.11875 0.1078125
0 0.440625 0.31640625 0.1015625 0.096875
1 0.4546875 0.4265625 0.0703125 0.0515625
2 0.596875 0.3765625 0.1171875 0.125
3 0.57890625 0.453125 0.071875 0.0625
0 0.35625 0.43359375 0.134375 0.090625
0 0.40390625 0.478125 0.10625 0.0828125
0 0.41015625 0.39375 0.10625 0.0859375
1 0.4953125 0.3125 0.046875 0.059375
3 0.46484375 0.5046875 0.1328125 0.0828125
3 0.57421875 0.5390625 0.0640625 0.0453125
3 0.5140625 0.55546875 0.0953125 0.059375
3 0.5625 0.59609375 0.0734375 0.0296875
3 0.5875 0.60859375 0.05 0.034375
2 0.6484375 0.534375 0.0703125 0.05625
3 0.63359375 0.56171875 0.0453125 0.0359375
1 0.56796875 0.49453125 0.046875 0.0328125
3 0.61015625 0.49609375 0.05 0.0546875
2 0.621875 0.45234375 0.0484375 0.046875
3 0.62578125 0.6234375 0.053125 0.034375
0 0.6390625 0.6 0.0421875 0.025
2 0.690625 0.60703125 0.028125 0.021875
0 0.66171875 0.63359375 0.015625 0.015625
0 0.68359375 0.63984375 0.015625 0.015625
3 0.66328125 0.646875 0.0375 0.021875
1 0.29375 0.159375 0.109375 0.1046875
0 0.340625 0.18515625 0.10625 0.128125
0 0.39765625 0.2671875 0.071875 0.09375
0 0.4875 0.20859375 0.059375 0.0734375
3 0.515625 0.3640625 0.0625 0.059375
3 0.52109375 0.428125 0.05625 0.0578125
0 0.4609375 0.44765625 0.08125 0.0578125
1 0.5515625 0.29140625 0.040625 0.0234375
0 0.5078125 0.26484375 0.0640625 0.065625
