2 0.1078125 0.5484375 0.215625 0.696875
0 0.38203125 0.7234375 0.1296875 0.13046875
3 0.51328125 0.70859375 0.0640625 0.15
0 0.63984375 0.72890625 0.1046875 0.1140625
0 0.76171875 0.69296875 0.1015625 0.046875
3 0.46171875 0.6859375 0.0328125 0.0609375
3 0.55859375 0.67109375 0.0640625 0.125
2 0.403125 0.64609375 0.0625 0.08046875
2 0.4484375 0.665625 0.025 0.053125
2 0.92890625 0.64296875 0.1328125 0.16953125
2 0.84296875 0.67890625 0.0484375 0.08046875
1 0.71015625 0.690625 0.0296875 0.04140625
