0 0.17265625 0.8109375 0.3453125 0.3375
0 0.31875 0.09921875 0.2125 0.1984375
0 0.3140625 0.259375 0.0984375 0.09375
3 0.28984375 0.4390625 0.2 0.1203125
1 0.29296875 0.5671875 0.0890625 0.05
3 0.31796875 0.375 0.103125 0.0703125
3 0.3265625 0.3390625 0.0640625 0.03125
3 0.41875 0.10625 0.146875 0.1953125
3 0.36640625 0.2828125 0.0296875 0.0421875
1 0.284375 0.6296875 0.071875 0.0328125
1 0.278125 0.60703125 0.0828125 0.0328125
0 0.3109375 0.534375 0.040625 0.021875
0 0.30625 0.4953125 0.0421875 0.0234375
