1 0.41171875 0.42890625 0.3421875 0.2453125
0 0.3765625 0.77421875 0.1640625 0.1765625
2 0.38671875 0.9359375 0.2671875 0.128125
1 0.4375 0.6140625 0.125 0.0984375
0 0.60078125 0.19453125 0.0765625 0.06875
1 0.58359375 0.2375 0.090625 0.05
1 0.5796875 0.28515625 0.090625 0.053125
1 0.5828125 0.32109375 0.0625 0.04375
2 0.6265625 0.2765625 0.1015625 0.0640625
2 0.6390625 0.2375 0.078125 0.05
1 0.61640625 0.14921875 0.090625 0.0546875
0 0.64609375 0.2015625 0.0203125 0.0203125
1 0.63203125 0.03359375 0.090625 0.053125
1 0.50703125 0.521875 0.0890625 0.059375
1 0.55390625 0.38828125 0.14375 0.0796875
1 0.52421875 0.4453125 0.1578125 0.0953125
2 0.5703125 0.46484375 0.084375 0.09375
0 0.47421875 0.58203125 0.0953125 0.10625
1 0.4296875 0.67734375 0.125 0.0984375
2 0.47421875 0.740625 0.1234375 0.15625
1 0.41953125 0.8265625 0.0921875 0.0953125
1 0.40390625 0.8734375 0.0875 0.0578125
