1 0.421875 0.74296875 0.25625 0.48046875
1 0.625 0.840625 0.334375 0.30859375
3 0.66953125 0.490625 0.1484375 0.2640625
2 0.6046875 0.4015625 0.1125 0.2140625
1 0.83671875 0.50859375 0.0734375 0.2109375
1 0.77421875 0.46640625 0.0453125 0.1609375
1 0.95625 0.4875 0.08125 0.15859375
3 0.09453125 0.5734375 0.1890625 0.403125
3 0.21328125 0.4984375 0.1578125 0.26953125
3 0.29921875 0.44296875 0.0890625 0.15859375
3 0.34453125 0.4125 0.0609375 0.10859375
1 0.48828125 0.425 0.0296875 0.0890625
1 0.5171875 0.4375 0.028125 0.0859375
3 0.80703125 0.4125 0.0828125 0.075
