0 0.59453125 0.4875 0.34375 0.121875
0 0.5125 0.43984375 0.13359375 0.0484375
0 0.08671875 0.4421875 0.12265625 0.059375
1 0.25 0.43671875 0.0375 0.0578125
1 0.21171875 0.42890625 0.03515625 0.0546875
1 0.16875 0.41953125 0.02109375 0.0328125
0 0.25546875 0.4296875 0.06875 0.04375
3 0.15859375 0.40546875 0.04609375 0.0359375
0 0.18828125 0.4140625 0.01875 0.01875
2 0.23359375 0.40078125 0.03359375 0.0140625
2 0.071875 0.39453125 0.02734375 0.0140625
1 0.10703125 0.41328125 0.04765625 0.0265625
0 0.06953125 0.4078125 0.02734375 0.009375
0 0.025 0.41015625 0.01640625 0.0171875
2 0.046875 0.3953125 0.02265625 0.009375
0 0.146875 0.425 0.02734375 0.034375
