1 0.11796875 0.75390625 0.2359375 0.48046875
1 0.53203125 0.7390625 0.2546875 0.51640625
1 0.76953125 0.5734375 0.1578125 0.303125
0 0.12734375 0.5484375 0.2484375 0.16953125
0 0.21796875 0.5234375 0.1828125 0.146875
0 0.27578125 0.5015625 0.1703125 0.125
0 0.38359375 0.46796875 0.0890625 0.08046875
0 0.39609375 0.45703125 0.0984375 0.08046875
0 0.48671875 0.434375 0.0703125 0.09140625
3 0.28984375 0.46796875 0.2015625 0.14140625
1 0.68046875 0.45703125 0.0515625 0.11953125
1 0.59921875 0.425 0.0203125 0.05546875
3 0.8875 0.434375 0.0375 0.08046875
