1 0.5046875 0.86953125 0.125 0.19453125
1 0.31015625 0.871875 0.1328125 0.178125
1 0.16484375 0.9 0.1453125 0.178125
1 0.14921875 0.8109375 0.1203125 0.15546875
1 0.0703125 0.76796875 0.06875 0.15859375
0 0.24140625 0.7359375 0.1421875 0.14453125
0 0.09296875 0.7015625 0.1140625 0.1140625
0 0.13671875 0.659375 0.1015625 0.103125
0 0.1 0.565625 0.075 0.075
0 0.23203125 0.428125 0.0328125 0.0390625
1 0.115625 0.4640625 0.021875 0.05546875
3 0.05078125 0.459375 0.0984375 0.10859375
0 0.29765625 0.540625 0.0453125 0.075
0 0.35859375 0.54609375 0.0453125 0.08046875
1 0.171875 0.40703125 0.015625 0.0359375
1 0.86015625 0.675 0.0484375 0.10546875
1 0.84453125 0.60703125 0.0671875 0.103125
0 0.4125 0.5375 0.04375 0.09140625
0 0.50234375 0.5625 0.0546875 0.09140625
0 0.54296875 0.53046875 0.0546875 0.08359375
3 0.53046875 0.48046875 0.0359375 0.071875
0 0.475 0.51796875 0.040625 0.06953125
0 0.46875 0.48203125 0.0375 0.046875
0 0.49140625 0.453125 0.0265625 0.05
0 0.4265625 0.5 0.040625 0.0609375
3 0.3796875 0.459375 0.03125 0.075
1 0.51171875 0.428125 0.0171875 0.03359375
3 0.41640625 0.44296875 0.0328125 0.0640625
1 0.45546875 0.4609375 0.0203125 0.05
3 0.4515625 0.4234375 0.028125 0.0640625
3 0.409375 0.39609375 0.021875 0.05859375
3 0.3765625 0.4125 0.03125 0.0359375
2 0.37109375 0.38359375 0.0171875 0.03359375
1 0.3921875 0.39609375 0.0125 0.025
3 0.43359375 0.384375 0.0171875 0.0359375
3 0.44921875 0.3765625 0.0109375 0.01953125
0 0.47578125 0.41640625 0.0171875 0.0390625
1 0.49296875 0.41796875 0.0203125 0.03046875
1 0.525 0.434375 0.021875 0.01953125
3 0.478125 0.38359375 0.021875 0.03359375
0 0.30859375 0.5 0.0390625 0.0609375
3 0.31171875 0.44296875 0.0359375 0.075
1 0.34609375 0.47109375 0.0234375 0.053125
0 0.33828125 0.421875 0.0203125 0.03359375
3 0.34140625 0.38046875 0.0265625 0.03359375
