1 0.8359375 0.80078125 0.321875 0.38125
1 0.62421875 0.67578125 0.2046875 0.33125
1 0.47265625 0.5484375 0.0421875 0.1
1 0.3640625 0.81328125 0.1125 0.35625
1 0.27421875 0.715625 0.0484375 0.1390625
3 0.8484375 0.5765625 0.25 0.1953125
2 0.68515625 0.48203125 0.1796875 0.078125
0 0.753125 0.63359375 0.1 0.1921875
0 0.30078125 0.55546875 0.0546875 0.09765625
2 0.33125 0.49296875 0.071875 0.12265625
1 0.38046875 0.5734375 0.0828125 0.1390625
3 0.40859375 0.515625 0.0921875 0.1390625
3 0.54296875 0.5375 0.1078125 0.1
