1 0.053125 0.8609375 0.10625 0.2671875
1 0.1125 0.66875 0.034375 0.07265625
1 0.81953125 0.62421875 0.0359375 0.05546875
0 0.9 0.63125 0.153125 0.09765625
0 0.94609375 0.83984375 0.1015625 0.2203125
0 0.22890625 0.715625 0.1828125 0.25078125
0 0.34453125 0.67265625 0.1421875 0.15859375
0 0.50234375 0.61171875 0.0578125 0.05859375
0 0.146875 0.59765625 0.05 0.08046875
0 0.221875 0.5765625 0.040625 0.028125
0 0.26953125 0.590625 0.0484375 0.0390625
0 0.39375 0.5890625 0.059375 0.04765625
0 0.434375 0.5875 0.05 0.0390625
2 0.15625 0.53203125 0.05 0.07265625
3 0.34296875 0.5609375 0.0265625 0.03046875
3 0.62734375 0.68828125 0.2703125 0.22265625
