0 0.08828125 0.76640625 0.1765625 0.3453125
0 0.93046875 0.88125 0.1328125 0.21484375
0 0.8046875 0.61875 0.13125 0.09453125
0 0.5234375 0.64921875 0.125 0.11171875
0 0.38515625 0.6125 0.0609375 0.078125
0 0.3140625 0.590625 0.040625 0.05
0 0.53984375 0.58671875 0.0453125 0.0359375
1 0.53359375 0.83125 0.1203125 0.24765625
1 0.321875 0.84921875 0.128125 0.28984375
1 0.221875 0.7828125 0.078125 0.26171875
1 0.2640625 0.625 0.03125 0.08046875
3 0.43125 0.5890625 0.046875 0.075
2 0.36484375 0.5515625 0.0234375 0.0390625
1 0.9078125 0.6015625 0.071875 0.0890625
3 0.35 0.5734375 0.03125 0.05
