1 0.8265625 0.71796875 0.025 0.053125
1 0.7734375 0.7234375 0.01875 0.046875
1 0.7421875 0.725 0.034375 0.0609375
1 0.58203125 0.715625 0.0203125 0.0359375
1 0.6703125 0.70703125 0.0125 0.01953125
0 0.8765625 0.7390625 0.059375 0.06640625
0 0.671875 0.8 0.13125 0.13359375
0 0.56015625 0.771875 0.0984375 0.08359375
0 0.659375 0.7484375 0.125 0.06953125
0 0.39765625 0.75 0.0703125 0.0609375
0 0.03671875 0.74296875 0.0421875 0.046875
1 0.11875 0.7625 0.040625 0.09140625
1 0.02578125 0.80390625 0.0515625 0.125
2 0.01015625 0.7015625 0.0203125 0.0359375
1 0.22265625 0.7390625 0.0140625 0.03359375
