0 0.89609375 0.71796875 0.2015625 0.55859375
0 0.26484375 0.44296875 0.0671875 0.10859375
1 0.9484375 0.33203125 0.1 0.203125
1 0.8859375 0.33359375 0.05 0.16640625
1 0.828125 0.34140625 0.059375 0.1609375
1 0.69375 0.375 0.03125 0.071875
1 0.75234375 0.34140625 0.0171875 0.04453125
3 0.65078125 0.3375 0.0640625 0.075
1 0.07890625 0.68203125 0.1578125 0.63046875
1 0.35234375 0.440625 0.1265625 0.18046875
1 0.58515625 0.378125 0.0234375 0.10546875
2 0.096875 0.3984375 0.19375 0.25859375
2 0.60546875 0.3265625 0.0640625 0.053125
