3 0.84453125 0.15703125 0.3109375 0.2765625
0 0.7359375 0.32890625 0.153125 0.190625
0 0.684375 0.47265625 0.1015625 0.128125
0 0.7828125 0.8875 0.371875 0.225
0 0.62578125 0.734375 0.0828125 0.0609375
0 0.60859375 0.9578125 0.0734375 0.084375
1 0.69765625 0.70546875 0.1515625 0.065625
1 0.60078125 0.80234375 0.028125 0.0125
1 0.590625 0.85703125 0.0609375 0.059375
1 0.5875 0.79140625 0.0359375 0.01875
1 0.5953125 0.75859375 0.0421875 0.0234375
3 0.640625 0.61875 0.1390625 0.1046875
1 0.6546875 0.52421875 0.0671875 0.0453125
3 0.7109375 0.271875 0.1171875 0.140625
2 0.67109375 0.11953125 0.10625 0.2125
2 0.634375 0.33515625 0.0875 0.215625
