0 0.27578125 0.5484375 0.1015625 0.12265625
0 0.03828125 0.5234375 0.0671875 0.0890625
0 0.12734375 0.48359375 0.0234375 0.03046875
0 0.88984375 0.6171875 0.2140625 0.14765625
0 0.646875 0.5640625 0.175 0.10859375
1 0.77890625 0.55703125 0.0828125 0.09453125
3 0.65390625 0.5265625 0.1421875 0.0890625
0 0.7140625 0.52890625 0.05625 0.0609375
0 0.46796875 0.509375 0.1078125 0.078125
0 0.525 0.52109375 0.0625 0.0671875
0 0.5578125 0.509375 0.040625 0.0390625
0 0.37890625 0.49609375 0.0640625 0.05
3 0.3359375 0.490625 0.03125 0.04453125
0 0.284375 0.48203125 0.025 0.02265625
0 0.30859375 0.4875 0.0234375 0.028125
