2 0.95859375 0.4875 0.0796875 0.24140625
0 0.7984375 0.5484375 0.140625 0.125
1 0.8859375 0.49609375 0.028125 0.075
0 0.90625 0.49296875 0.025 0.04140625
1 0.45390625 0.609375 0.1703125 0.303125
1 0.69140625 0.52109375 0.0703125 0.103125
1 0.54765625 0.4625 0.0203125 0.0359375
1 0.67890625 0.4734375 0.0265625 0.04140625
1 0.62265625 0.540625 0.0671875 0.06953125
0 0.58515625 0.5015625 0.0890625 0.06953125
1 0.225 0.48203125 0.03125 0.08046875
1 0.27109375 0.484375 0.0328125 0.08046875
1 0.1296875 0.471875 0.028125 0.06640625
1 0.0140625 0.484375 0.028125 0.075
0 0.18046875 0.47890625 0.0515625 0.05859375
2 0.20859375 0.42109375 0.0359375 0.04140625
2 0.25078125 0.4359375 0.0453125 0.08359375
0 0.1734375 0.43359375 0.0125 0.01640625
1 0.1890625 0.44140625 0.01875 0.03359375
1 0.30625 0.46640625 0.028125 0.05546875
1 0.51953125 0.4875 0.0390625 0.075
2 0.7375 0.45703125 0.134375 0.06953125
1 0.7453125 0.4890625 0.025 0.071875
1 0.8578125 0.49296875 0.034375 0.046875
