0 0.65390625 0.8625 0.5796875 0.26484375
0 0.90703125 0.8828125 0.1765625 0.22265625
0 0.865625 0.76171875 0.246875 0.1140625
0 0.81328125 0.71875 0.1671875 0.0671875
0 0.9484375 0.7328125 0.096875 0.08359375
0 0.73203125 0.68515625 0.1015625 0.07265625
0 0.65859375 0.690625 0.1203125 0.09453125
0 0.43046875 0.68828125 0.2015625 0.1890625
3 0.60390625 0.6765625 0.1640625 0.15625
1 0.28984375 0.68671875 0.0828125 0.18671875
1 0.2453125 0.63671875 0.015625 0.0921875
1 0.23046875 0.63125 0.0109375 0.08046875
