1 0.9265625 0.56796875 0.1328125 0.0671875
1 0.89609375 0.17890625 0.0765625 0.0375
1 0.8046875 0.2546875 0.065625 0.028125
1 0.7921875 0.4640625 0.0984375 0.0359375
0 0.72578125 0.3328125 0.0734375 0.0625
0 0.684375 0.50703125 0.0609375 0.046875
1 0.6828125 0.87890625 0.0484375 0.028125
1 0.68828125 0.79609375 0.065625 0.0328125
1 0.671875 0.68359375 0.0578125 0.040625
1 0.67578125 0.72578125 0.0578125 0.0375
1 0.6671875 0.45859375 0.0484375 0.0296875
2 0.62421875 0.57109375 0.0546875 0.053125
