0 0.4390625 0.79765625 0.878125 0.4046875
0 0.109375 0.753125 0.21875 0.334375
0 0.43125 0.6484375 0.2921875 0.2171875
0 0.36875 0.6046875 0.16875 0.1609375
0 0.29765625 0.5890625 0.1078125 0.13125
3 0.32890625 0.546875 0.1734375 0.140625
0 0.69609375 0.628125 0.2921875 0.265625
0 0.52578125 0.55234375 0.15625 0.103125
0 0.88203125 0.671875 0.2125 0.265625
0 0.9609375 0.58203125 0.078125 0.1078125
0 0.92265625 0.534375 0.0703125 0.053125
0 0.85234375 0.56875 0.09375 0.0734375
3 0.8328125 0.50078125 0.096875 0.084375
1 0.140625 0.61953125 0.190625 0.1953125
0 0.41953125 0.52265625 0.04375 0.034375
