0 0.07578125 0.73203125 0.1515625 0.4609375
0 0.82578125 0.66328125 0.2 0.178125
0 0.4328125 0.53828125 0.1234375 0.1265625
0 0.37265625 0.4859375 0.0328125 0.0578125
2 0.8171875 0.5515625 0.2484375 0.1640625
3 0.6265625 0.5421875 0.134375 0.1171875
3 0.50390625 0.4984375 0.078125 0.1203125
1 0.2890625 0.64453125 0.0609375 0.190625
1 0.35078125 0.5921875 0.053125 0.1265625
1 0.23984375 0.5515625 0.034375 0.0890625
1 0.21875 0.51328125 0.01875 0.0609375
1 0.19921875 0.50546875 0.015625 0.05
3 0.31015625 0.475 0.059375 0.1015625
2 0.6 0.48515625 0.0875 0.0375
