0 0.890625 0.67890625 0.1 0.1140625
0 0.95390625 0.6484375 0.0640625 0.06953125
0 0.5265625 0.68359375 0.103125 0.06640625
1 0.85625 0.6265625 0.01875 0.04140625
1 0.8234375 0.63203125 0.028125 0.05859375
1 0.678125 0.65703125 0.0625 0.08046875
1 0.75078125 0.6265625 0.0171875 0.0359375
1 0.13203125 0.74296875 0.0515625 0.11953125
1 0.034375 0.678125 0.015625 0.0390625
0 0.29765625 0.66796875 0.0359375 0.04140625
2 0.06796875 0.66796875 0.0546875 0.0859375
2 0.1640625 0.64296875 0.053125 0.08046875
2 0.93828125 0.5984375 0.1203125 0.08046875
0 0.21875 0.6890625 0.05 0.05546875
