1 0.64609375 0.35078125 0.3859375 0.2453125
1 0.60625 0.60703125 0.23125 0.0984375
1 0.578125 0.709375 0.196875 0.075
1 0.5078125 0.784375 0.1296875 0.04375
1 0.53046875 0.55078125 0.071875 0.025
1 0.47578125 0.75390625 0.0609375 0.0234375
0 0.56953125 0.07265625 0.09375 0.140625
0 0.56640625 0.2359375 0.1234375 0.04375
0 0.52578125 0.203125 0.075 0.1015625
0 0.53671875 0.11015625 0.0703125 0.0859375
3 0.47109375 0.50625 0.0921875 0.0828125
2 0.40390625 0.6515625 0.2046875 0.125
1 0.44375 0.9296875 0.084375 0.071875
0 0.51875 0.4734375 0.1359375 0.071875
