2 0.59921875 0.94296875 0.2515625 0.1140625
0 0.509375 0.80234375 0.15 0.1625
1 0.57734375 0.878125 0.0796875 0.0421875
0 0.584375 0.89765625 0.0453125 0.0328125
1 0.38359375 0.47578125 0.3296875 0.225
1 0.515625 0.6921875 0.1140625 0.0890625
1 0.54609375 0.53984375 0.0390625 0.0265625
1 0.56015625 0.6703125 0.0453125 0.034375
1 0.48359375 0.628125 0.0796875 0.0796875
0 0.51484375 0.58359375 0.084375 0.1
1 0.46484375 0.2265625 0.0859375 0.046875
1 0.471875 0.27265625 0.0859375 0.0484375
1 0.45703125 0.13125 0.0703125 0.040625
1 0.42265625 0.0203125 0.0796875 0.040625
0 0.459375 0.18203125 0.06875 0.0625
2 0.521875 0.19921875 0.046875 0.04375
2 0.515625 0.24296875 0.0921875 0.0609375
0 0.503125 0.16640625 0.0171875 0.015625
1 0.4984375 0.18359375 0.0375 0.025
1 0.49609375 0.303125 0.0609375 0.0390625
1 0.515625 0.51640625 0.08125 0.053125
2 0.5875 0.725 0.09375 0.1453125
1 0.5578125 0.7390625 0.075 0.0375
1 0.575 0.85 0.053125 0.0421875
