1 0.08671875 0.72578125 0.1015625 0.18671875
1 0.2765625 0.86875 0.084375 0.25078125
1 0.4296875 0.76328125 0.06875 0.18359375
1 0.21484375 0.74765625 0.0515625 0.14765625
1 0.3453125 0.68515625 0.046875 0.128125
0 0.21875 0.5890625 0.053125 0.0640625
0 0.284375 0.61171875 0.071875 0.08046875
0 0.94296875 0.6546875 0.1078125 0.14453125
0 0.82734375 0.6375 0.1109375 0.09453125
0 0.5875 0.61953125 0.09375 0.0640625
0 0.51171875 0.6 0.0578125 0.04765625
0 0.4625 0.590625 0.040625 0.0390625
1 0.3890625 0.628125 0.03125 0.06953125
0 0.61796875 0.603125 0.0453125 0.04765625
0 0.7328125 0.64765625 0.1875 0.14765625
