0 0.2625 0.8484375 0.525 0.29140625
0 0.76640625 0.69609375 0.1234375 0.11953125
1 0.8515625 0.634375 0.053125 0.05859375
1 0.946875 0.62890625 0.021875 0.046875
2 0.8109375 0.6015625 0.16875 0.08046875
1 0.634375 0.640625 0.059375 0.08046875
1 0.08046875 0.66796875 0.0484375 0.09140625
1 0.22109375 0.6625 0.0171875 0.046875
2 0.16953125 0.59296875 0.0921875 0.13046875
2 0.02265625 0.5984375 0.0453125 0.0859375
0 0.34453125 0.6734375 0.1453125 0.096875
0 0.28359375 0.65859375 0.0546875 0.06640625
