0 0.13359375 0.83203125 0.2671875 0.325
0 0.10546875 0.65546875 0.1328125 0.04453125
0 0.953125 0.77109375 0.090625 0.125
0 0.58671875 0.690625 0.0578125 0.075
2 0.75546875 0.7015625 0.1859375 0.24140625
1 0.8640625 0.715625 0.04375 0.0859375
1 0.26875 0.728125 0.03125 0.078125
0 0.546875 0.665625 0.025 0.053125
1 0.4734375 0.6875 0.084375 0.10859375
1 0.11015625 0.615625 0.0265625 0.03046875
1 0.2046875 0.6265625 0.01875 0.03046875
1 0.31484375 0.6484375 0.0203125 0.046875
1 0.39140625 0.64296875 0.0140625 0.0359375
2 0.4453125 0.63046875 0.0375 0.05546875
0 0.62890625 0.6859375 0.0390625 0.06640625
