0 0.725 0.865625 0.125 0.1125
0 0.70234375 0.9328125 0.0765625 0.071875
0 0.68515625 0.50390625 0.078125 0.1109375
1 0.66875 0.83828125 0.0421875 0.0234375
1 0.6703125 0.8046875 0.0625 0.034375
1 0.67734375 0.6578125 0.0875 0.071875
1 0.65625 0.73359375 0.0375 0.021875
1 0.69609375 0.10546875 0.1234375 0.065625
1 0.6203125 0.01640625 0.040625 0.0203125
0 0.6421875 0.27890625 0.0453125 0.040625
2 0.6140625 0.05078125 0.0921875 0.0640625
2 0.60078125 0.14921875 0.0875 0.0625
2 0.65078125 0.92265625 0.0953125 0.1296875
0 0.653125 0.19765625 0.0625 0.05625
