0 0.03671875 0.271875 0.0734375 0.3375
0 0.19375 0.81875 0.315625 0.3625
0 0.309375 0.90390625 0.190625 0.1921875
0 0.309375 0.64453125 0.115625 0.0921875
0 0.3640625 0.8625 0.053125 0.0921875
1 0.38671875 0.984375 0.0609375 0.03125
1 0.2921875 0.60546875 0.0484375 0.0234375
1 0.3109375 0.603125 0.06875 0.0453125
0 0.31953125 0.7796875 0.109375 0.1390625
0 0.340625 0.7359375 0.0578125 0.053125
1 0.20625 0.20234375 0.1078125 0.090625
1 0.2234375 0.271875 0.0984375 0.0625
1 0.16328125 0.46171875 0.2953125 0.2578125
