1 0.65390625 0.640625 0.2328125 0.37890625
1 0.396875 0.61015625 0.090625 0.228125
1 0.29375 0.58515625 0.06875 0.1953125
1 0.21640625 0.51796875 0.0390625 0.128125
1 0.45 0.53203125 0.021875 0.07265625
1 0.2453125 0.484375 0.021875 0.0609375
0 0.9296875 0.5546875 0.1375 0.0890625
0 0.76640625 0.55703125 0.0390625 0.12265625
0 0.79765625 0.515625 0.0984375 0.07265625
0 0.890625 0.5234375 0.084375 0.0671875
3 0.49296875 0.47109375 0.0796875 0.0890625
2 0.3453125 0.409375 0.11875 0.20078125
1 0.06875 0.45859375 0.06875 0.08046875
0 0.52734375 0.51796875 0.0671875 0.13359375
