0 0.26171875 0.528125 0.1890625 0.15
0 0.10078125 0.465625 0.0484375 0.05859375
0 0.18984375 0.4640625 0.0578125 0.05546875
0 0.91640625 0.78046875 0.1578125 0.43359375
0 0.55078125 0.50546875 0.0671875 0.09453125
0 0.88359375 0.546875 0.0734375 0.1
1 0.61328125 0.73203125 0.0671875 0.18046875
1 0.64609375 0.57109375 0.0265625 0.06953125
1 0.6703125 0.49609375 0.034375 0.08046875
2 0.76953125 0.4734375 0.1609375 0.303125
2 0.86171875 0.4265625 0.0328125 0.15859375
2 0.95703125 0.48046875 0.0796875 0.19453125
