3 0.87890625 0.56015625 0.2390625 0.23984375
1 0.6828125 0.58203125 0.16875 0.2453125
1 0.36015625 0.6796875 0.2546875 0.4625
1 0.18125 0.52890625 0.0875 0.18359375
1 0.13359375 0.4875 0.0296875 0.09453125
2 0.85546875 0.42734375 0.1078125 0.04140625
2 0.71640625 0.4375 0.1765625 0.0609375
0 0.5265625 0.61875 0.184375 0.284375
1 0.08671875 0.515625 0.0296875 0.0890625
3 0.21796875 0.47109375 0.0546875 0.09453125
2 0.13046875 0.421875 0.0296875 0.03046875
3 0.16015625 0.4265625 0.0328125 0.02265625
3 0.29296875 0.4390625 0.0640625 0.025
