0 0.52890625 0.8328125 0.8796875 0.3234375
0 0.87734375 0.81640625 0.2390625 0.30078125
0 0.54453125 0.65703125 0.2671875 0.178125
0 0.61328125 0.62421875 0.1484375 0.1390625
0 0.6859375 0.61953125 0.090625 0.11953125
3 0.66171875 0.5734375 0.1578125 0.1171875
0 0.2859375 0.59609375 0.259375 0.228125
0 0.46640625 0.54765625 0.1453125 0.08046875
0 0.09609375 0.61015625 0.1765625 0.23984375
0 0.03125 0.509375 0.0625 0.1
0 0.07734375 0.46796875 0.0640625 0.04453125
0 0.14140625 0.5125 0.0859375 0.0609375
3 0.17109375 0.4484375 0.0859375 0.07265625
1 0.8359375 0.67421875 0.165625 0.17265625
0 0.57578125 0.53515625 0.0390625 0.028125
