0 0.4578125 0.6640625 0.10625 0.0875
0 0.68984375 0.678125 0.0921875 0.103125
0 0.83359375 0.6046875 0.0171875 0.028125
0 0.74453125 0.62109375 0.0234375 0.04375
1 0.84921875 0.640625 0.0140625 0.04375
0 0.54453125 0.63203125 0.0484375 0.04375
0 0.60625 0.62421875 0.03125 0.021875
3 0.40390625 0.628125 0.0953125 0.0921875
3 0.5203125 0.61171875 0.021875 0.03125
2 0.79453125 0.5875 0.0171875 0.028125
0 0.79375 0.615625 0.015625 0.034375
3 0.77265625 0.62109375 0.0328125 0.0609375
3 0.65703125 0.6125 0.0328125 0.021875
0 0.69296875 0.615625 0.0171875 0.015625
