1 0.91953125 0.74296875 0.1546875 0.46953125
1 0.5890625 0.93359375 0.246875 0.128125
1 0.26171875 0.82890625 0.0828125 0.20859375
1 0.815625 0.5765625 0.1375 0.1359375
1 0.66328125 0.62109375 0.2046875 0.23046875
0 0.41875 0.6984375 0.2125 0.28046875
0 0.309375 0.5734375 0.06875 0.103125
2 0.846875 0.4359375 0.303125 0.21640625
2 0.5765625 0.4640625 0.121875 0.10546875
2 0.45546875 0.4875 0.1203125 0.13046875
3 0.534375 0.59453125 0.140625 0.178125
0 0.09296875 0.5515625 0.0546875 0.05859375
0 0.15078125 0.534375 0.0421875 0.046875
