3 0.8734375 0.83046875 0.25 0.3234375
0 0.69140625 0.7203125 0.1796875 0.13671875
0 0.54296875 0.68125 0.1203125 0.0921875
0 0.11796875 0.8171875 0.2359375 0.35390625
0 0.27734375 0.64609375 0.0546875 0.078125
0 0.05234375 0.64921875 0.0796875 0.0671875
1 0.3125 0.71484375 0.053125 0.14765625
1 0.2078125 0.6265625 0.009375 0.028125
1 0.15234375 0.62109375 0.0546875 0.05546875
1 0.2171875 0.6125 0.015625 0.03359375
1 0.25078125 0.6171875 0.0203125 0.04140625
3 0.39375 0.65078125 0.09375 0.13125
1 0.4890625 0.65625 0.040625 0.0640625
3 0.7453125 0.690625 0.13125 0.10546875
2 0.89375 0.6375 0.20625 0.0890625
2 0.67578125 0.61953125 0.2109375 0.06953125
