1 0.03359375 0.60546875 0.0671875 0.1953125
1 0.2234375 0.5265625 0.0796875 0.09375
1 0.3140625 0.50390625 0.0328125 0.0625
0 0.36484375 0.5078125 0.053125 0.0640625
0 0.52734375 0.546875 0.090625 0.1125
3 0.46328125 0.48984375 0.025 0.0453125
2 0.40390625 0.46328125 0.0203125 0.0359375
3 0.88359375 0.55546875 0.1875 0.16875
0 0.96640625 0.56328125 0.0671875 0.1109375
0 0.7390625 0.53515625 0.1125 0.096875
0 0.78046875 0.51796875 0.0390625 0.053125
0 0.653125 0.51015625 0.0609375 0.0546875
0 0.6078125 0.5015625 0.0375 0.0375
3 0.5796875 0.48515625 0.0484375 0.0421875
0 0.7046875 0.49296875 0.0453125 0.01875
