2 0.22109375 0.68046875 0.4421875 0.63359375
2 0.4140625 0.35390625 0.06875 0.103125
0 0.61328125 0.49296875 0.1015625 0.11953125
0 0.53203125 0.39609375 0.0421875 0.053125
0 0.46328125 0.35390625 0.0296875 0.0359375
0 0.4875 0.34609375 0.01875 0.03046875
0 0.78203125 0.4640625 0.0671875 0.06640625
0 0.9515625 0.515625 0.09375 0.103125
0 0.50234375 0.4515625 0.0703125 0.09140625
1 0.709375 0.42109375 0.05 0.05859375
1 0.84296875 0.49453125 0.0796875 0.078125
3 0.64375 0.39453125 0.05 0.04453125
