2 0.803125 0.67109375 0.08125 0.10546875
2 0.28515625 0.61171875 0.0703125 0.04765625
0 0.675 0.8734375 0.64375 0.23125
0 0.93515625 0.7546875 0.1234375 0.078125
0 0.4625 0.73984375 0.21875 0.14765625
0 0.61328125 0.72578125 0.1171875 0.125
0 0.26796875 0.690625 0.0859375 0.09453125
0 0.30234375 0.67109375 0.0515625 0.05546875
0 0.5390625 0.6890625 0.059375 0.053125
3 0.4109375 0.66953125 0.134375 0.103125
1 0.1 0.88046875 0.2 0.2171875
0 0.0609375 0.7171875 0.121875 0.24765625
1 0.1484375 0.69609375 0.08125 0.15625
1 0.20546875 0.68828125 0.0578125 0.12265625
3 0.12734375 0.628125 0.0640625 0.04765625
