1 0.82421875 0.83203125 0.3421875 0.325
1 0.26953125 0.675 0.0515625 0.128125
1 0.828125 0.68046875 0.340625 0.40546875
2 0.8625 0.484375 0.271875 0.3140625
2 0.6234375 0.425 0.159375 0.121875
2 0.48046875 0.434375 0.1140625 0.125
3 0.62109375 0.5625 0.2109375 0.203125
0 0.4796875 0.70859375 0.28125 0.371875
0 0.3390625 0.546875 0.09375 0.1390625
0 0.04921875 0.5125 0.0921875 0.0859375
0 0.1171875 0.49609375 0.053125 0.05859375
0 0.15703125 0.48203125 0.0421875 0.053125
0 0.2296875 0.4890625 0.040625 0.04453125
3 0.41484375 0.45390625 0.0453125 0.05859375
3 0.34453125 0.453125 0.0390625 0.05546875
