0 0.80234375 0.740625 0.3953125 0.478125
0 0.63203125 0.58828125 0.1796875 0.2
0 0.55546875 0.4234375 0.0984375 0.084375
0 0.5953125 0.740625 0.0859375 0.1671875
0 0.52578125 0.56484375 0.040625 0.040625
0 0.53125 0.53125 0.046875 0.0328125
1 0.56875 0.02734375 0.140625 0.0546875
1 0.54296875 0.0625 0.103125 0.0609375
1 0.54375 0.146875 0.0875 0.0578125
1 0.56328125 0.32890625 0.078125 0.0359375
1 0.5328125 0.29609375 0.0546875 0.025
1 0.521875 0.225 0.1296875 0.0796875
3 0.5125 0.35625 0.0890625 0.0546875
3 0.60234375 0.878125 0.115625 0.1296875
3 0.54609375 0.4875 0.1015625 0.0875
3 0.54140625 0.61640625 0.0609375 0.0609375
