3 0.2609375 0.5015625 0.034375 0.05
1 0.92734375 0.68828125 0.1390625 0.21171875
1 0.69296875 0.60546875 0.0921875 0.125
0 0.81328125 0.64765625 0.0890625 0.10859375
3 0.78984375 0.58046875 0.0640625 0.04765625
3 0.5875 0.5765625 0.103125 0.10546875
0 0.50703125 0.55546875 0.0546875 0.0640625
2 0.64140625 0.53515625 0.1171875 0.07265625
0 0.3453125 0.52890625 0.05 0.0609375
3 0.3015625 0.48203125 0.03125 0.05
1 0.07578125 0.55859375 0.0328125 0.075
1 0.18125 0.5546875 0.03125 0.0890625
1 0.2296875 0.5265625 0.015625 0.05546875
1 0.28828125 0.52890625 0.0140625 0.04453125
1 0.45703125 0.5390625 0.0265625 0.06953125
