1 0.96640625 0.76015625 0.0671875 0.2828125
1 0.9140625 0.584375 0.0484375 0.078125
1 0.21328125 0.68828125 0.046875 0.0625
0 0.1359375 0.71171875 0.1703125 0.1265625
0 0.13359375 0.903125 0.1453125 0.19375
0 0.81015625 0.6546875 0.23125 0.2828125
0 0.68828125 0.63671875 0.171875 0.1859375
0 0.52109375 0.609375 0.06875 0.0703125
0 0.865625 0.521875 0.065625 0.090625
0 0.78828125 0.5171875 0.0453125 0.0359375
0 0.74453125 0.540625 0.05625 0.0484375
0 0.62265625 0.56484375 0.0671875 0.0578125
0 0.58203125 0.571875 0.05625 0.0484375
2 0.84296875 0.46015625 0.0640625 0.08125
3 0.66640625 0.52734375 0.0328125 0.0359375
3 0.41484375 0.7109375 0.3109375 0.2734375
