3 0.71953125 0.7671875 0.5546875 0.4484375
1 0.29765625 0.81484375 0.1015625 0.253125
1 0.0390625 0.84140625 0.078125 0.30078125
1 0.18046875 0.83671875 0.0578125 0.1640625
0 0.4859375 0.6828125 0.153125 0.1390625
0 0.1953125 0.66015625 0.096875 0.1390625
0 0.265625 0.63203125 0.06875 0.0890625
0 0.31953125 0.625 0.0546875 0.06953125
0 0.3375 0.59609375 0.040625 0.03359375
0 0.384375 0.58671875 0.03125 0.03046875
0 0.171875 0.59765625 0.046875 0.04765625
2 0.1671875 0.5484375 0.046875 0.05546875
3 0.44765625 0.58515625 0.0546875 0.0390625
0 0.55234375 0.60546875 0.0515625 0.04765625
