0 0.4265625 0.60546875 0.09375 0.13671875
1 0.0828125 0.58671875 0.0625 0.09765625
2 0.29453125 0.4875 0.1078125 0.1390625
2 0.3640625 0.50390625 0.03125 0.09453125
2 0.3875 0.50390625 0.01875 0.0671875
3 0.43828125 0.528125 0.0234375 0.03046875
0 0.46171875 0.53203125 0.0171875 0.01640625
0 0.79375 0.66171875 0.196875 0.14765625
0 0.88984375 0.65078125 0.0890625 0.08046875
0 0.66328125 0.58671875 0.0921875 0.09765625
0 0.76171875 0.575 0.0984375 0.053125
0 0.6046875 0.575 0.040625 0.053125
0 0.56875 0.565625 0.034375 0.0390625
0 0.5421875 0.5484375 0.021875 0.03359375
