1 0.13671875 0.68125 0.0859375 0.18125
1 0.290625 0.59296875 0.021875 0.07265625
1 0.34453125 0.59609375 0.0296875 0.0609375
0 0.89765625 0.79140625 0.1984375 0.3171875
0 0.51640625 0.60703125 0.1109375 0.14453125
0 0.8234375 0.5671875 0.059375 0.06953125
0 0.7390625 0.565625 0.09375 0.078125
0 0.4796875 0.5484375 0.040625 0.05546875
3 0.41171875 0.56015625 0.0734375 0.12265625
3 0.63046875 0.59453125 0.1484375 0.16953125
3 0.91796875 0.58515625 0.1578125 0.128125
3 0.82109375 0.5375 0.1046875 0.0671875
2 0.65390625 0.49609375 0.0765625 0.0390625
