1 0.48671875 0.80234375 0.1984375 0.384375
1 0.32109375 0.64375 0.0515625 0.14453125
1 0.27890625 0.5484375 0.0203125 0.07265625
1 0.53984375 0.62109375 0.0671875 0.15625
1 0.25703125 0.52109375 0.0171875 0.0609375
2 0.33828125 0.45390625 0.1140625 0.17265625
1 0.41953125 0.54296875 0.0859375 0.17265625
0 0.5734375 0.5515625 0.134375 0.14453125
0 0.8703125 0.640625 0.25625 0.20625
3 0.89140625 0.83046875 0.2078125 0.32890625
3 0.47578125 0.47890625 0.0640625 0.05
0 0.75625 0.5265625 0.10625 0.0671875
0 0.83203125 0.52890625 0.0953125 0.05546875
