3 0.1109375 0.565625 0.190625 0.25625
0 0.27421875 0.6171875 0.0765625 0.09765625
0 0.39296875 0.6296875 0.0671875 0.09453125
0 0.70234375 0.63671875 0.1171875 0.08671875
0 0.5609375 0.6046875 0.04375 0.0390625
0 0.51484375 0.59453125 0.0171875 0.03046875
3 0.5484375 0.5640625 0.03125 0.025
2 0.584375 0.55703125 0.065625 0.0390625
0 0.83046875 0.61953125 0.0671875 0.08046875
3 0.76015625 0.6125 0.1234375 0.10546875
3 0.61953125 0.6 0.0734375 0.0640625
3 0.475 0.61015625 0.065625 0.1
0 0.4296875 0.59921875 0.028125 0.05
