0 0.11796875 0.3015625 0.21875 0.55625
1 0.228125 0.82109375 0.1609375 0.1234375
1 0.27109375 0.28359375 0.0859375 0.0515625
1 0.25703125 0.06640625 0.11875 0.0890625
1 0.21953125 0.1625 0.171875 0.19375
1 0.2484375 0.30234375 0.059375 0.0453125
1 0.24609375 0.59609375 0.06875 0.0328125
1 0.27109375 0.71796875 0.090625 0.0453125
1 0.253125 0.51953125 0.115625 0.0515625
0 0.2484375 0.14765625 0.103125 0.0890625
0 0.22890625 0.43828125 0.203125 0.1578125
0 0.28046875 0.33671875 0.084375 0.0453125
0 0.2234375 0.00859375 0.06875 0.0171875
