0 0.6484375 0.94453125 0.15625 0.10546875
0 0.54453125 0.8 0.0640625 0.09453125
0 0.50859375 0.7015625 0.0296875 0.046875
0 0.571875 0.7125 0.034375 0.053125
0 0.83515625 0.81640625 0.0859375 0.128125
0 0.84375 0.75 0.071875 0.0609375
1 0.77734375 0.7265625 0.0484375 0.053125
3 0.659375 0.80390625 0.109375 0.1640625
3 0.5546875 0.74609375 0.05625 0.096875
2 0.3140625 0.8265625 0.378125 0.3359375
2 0.72578125 0.66796875 0.0984375 0.09140625
2 0.48984375 0.64296875 0.0390625 0.04140625
2 0.62890625 0.64296875 0.0359375 0.04140625
