3 0.8296875 0.8578125 0.31875 0.2078125
0 0.871875 0.59765625 0.25625 0.2828125
0 0.61484375 0.44453125 0.1234375 0.1578125
0 0.71796875 0.38671875 0.1234375 0.1296875
0 0.58125 0.3546875 0.0765625 0.0890625
1 0.22578125 0.46171875 0.05 0.1375
1 0.3640625 0.296875 0.03125 0.065625
2 0.440625 0.3015625 0.109375 0.2125
2 0.8421875 0.2703125 0.153125 0.1609375
3 0.559375 0.28984375 0.06875 0.115625
3 0.628125 0.2921875 0.065625 0.115625
3 0.5015625 0.284375 0.0328125 0.1203125
2 0.51953125 0.20078125 0.0390625 0.0515625
