0 0.83671875 0.94609375 0.3234375 0.096875
0 0.2234375 0.878125 0.390625 0.23359375
0 0.02578125 0.85546875 0.0515625 0.171875
0 0.1203125 0.78359375 0.225 0.14453125
0 0.40234375 0.71796875 0.0703125 0.103125
0 0.17734375 0.7140625 0.0859375 0.03359375
1 0.05 0.71953125 0.025 0.05546875
1 0.01640625 0.71640625 0.0328125 0.0609375
1 0.44375 0.7265625 0.0125 0.046875
1 0.4421875 0.70703125 0.03125 0.0640625
0 0.26796875 0.7390625 0.1234375 0.08359375
0 0.30625 0.70859375 0.04375 0.05
1 0.85625 0.71953125 0.071875 0.09453125
1 0.784375 0.71796875 0.04375 0.09140625
1 0.61328125 0.81953125 0.2046875 0.25546875
