3 0.24453125 0.22421875 0.39375 0.4359375
0 0.5015625 0.14140625 0.25 0.2828125
0 0.5203125 0.434375 0.2390625 0.18125
0 0.62578125 0.30234375 0.1703125 0.153125
0 0.71328125 0.50703125 0.1015625 0.075
0 0.7125 0.3609375 0.0984375 0.0828125
0 0.74375 0.45 0.0875 0.05625
0 0.775 0.415625 0.06875 0.05
2 0.67578125 0.734375 0.4171875 0.2453125
2 0.77734375 0.60078125 0.1828125 0.0890625
2 0.83125 0.55625 0.1125 0.059375
0 0.78203125 0.50859375 0.046875 0.05
2 0.85078125 0.31953125 0.071875 0.059375
2 0.85859375 0.37734375 0.0765625 0.071875
3 0.8140625 0.4625 0.0890625 0.0625
3 0.8296875 0.51015625 0.0640625 0.0484375
