3 0.85625 0.6046875 0.28125 0.37890625
1 0.1390625 0.69921875 0.090625 0.23984375
1 0.35625 0.56015625 0.025 0.078125
1 0.27890625 0.58671875 0.0359375 0.1140625
1 0.22109375 0.58046875 0.0328125 0.09765625
1 0.08515625 0.5734375 0.0546875 0.18359375
0 0.0296875 0.565625 0.059375 0.13359375
0 0.65859375 0.603125 0.1203125 0.13125
0 0.5390625 0.57109375 0.075 0.07265625
0 0.58203125 0.578125 0.0390625 0.0640625
3 0.4828125 0.54140625 0.04375 0.0640625
2 0.66015625 0.53046875 0.1046875 0.04765625
0 0.375 0.525 0.021875 0.04140625
3 0.321875 0.5234375 0.040625 0.0671875
