0 0.146875 0.675 0.1328125 0.1265625
0 0.7234375 0.5234375 0.165625 0.2109375
1 0.08046875 0.7296875 0.11875 0.203125
1 0.4421875 0.54921875 0.09375 0.128125
1 0.446875 0.809375 0.20625 0.38125
1 0.1859375 0.6375 0.0859375 0.1203125
1 0.2234375 0.590625 0.0328125 0.05
1 0.25703125 0.575 0.0296875 0.0421875
0 0.37578125 0.54375 0.046875 0.059375
1 0.403125 0.5328125 0.0140625 0.0296875
3 0.896875 0.61640625 0.20625 0.5765625
3 0.8359375 0.44375 0.20625 0.215625
3 0.58203125 0.540625 0.296875 0.409375
