0 0.74609375 0.78359375 0.2171875 0.29453125
0 0.93984375 0.63203125 0.1140625 0.175
2 0.9640625 0.540625 0.06875 0.1140625
1 0.30390625 0.69296875 0.0890625 0.1859375
1 0.52734375 0.5484375 0.0390625 0.075
3 0.815625 0.575 0.13125 0.128125
3 0.87734375 0.51640625 0.1359375 0.121875
0 0.61484375 0.5875 0.0703125 0.09140625
3 0.59375 0.52109375 0.05 0.06953125
2 0.55234375 0.478125 0.0421875 0.078125
2 0.47578125 0.478125 0.0515625 0.071875
2 0.425 0.64453125 0.15625 0.31640625
2 0.70390625 0.490625 0.1140625 0.11953125
