0 0.05234375 0.37421875 0.1046875 0.1609375
0 0.1984375 0.47109375 0.096875 0.06875
0 0.2984375 0.50234375 0.0484375 0.0328125
0 0.284375 0.4390625 0.0546875 0.0375
0 0.16640625 0.18203125 0.1328125 0.0921875
0 0.23203125 0.16953125 0.0640625 0.075
1 0.259375 0.23515625 0.05625 0.0515625
3 0.18828125 0.35703125 0.1703125 0.1171875
3 0.2515625 0.45859375 0.1 0.0609375
2 0.18359375 0.703125 0.3546875 0.3953125
2 0.3203125 0.28359375 0.0953125 0.103125
2 0.3578125 0.51796875 0.0421875 0.040625
2 0.35078125 0.37890625 0.0421875 0.0375
