0 0.89140625 0.721875 0.2109375 0.55625
0 0.265625 0.4390625 0.06875 0.1109375
1 0.95 0.33984375 0.1 0.2046875
1 0.8890625 0.340625 0.053125 0.1671875
1 0.83046875 0.346875 0.0625 0.1625
1 0.69609375 0.378125 0.0328125 0.071875
1 0.7546875 0.34609375 0.0171875 0.04375
3 0.65390625 0.33984375 0.065625 0.0765625
1 0.0796875 0.675 0.159375 0.634375
1 0.353125 0.43828125 0.1296875 0.1828125
1 0.5875 0.3796875 0.025 0.10625
2 0.0984375 0.390625 0.196875 0.2625
2 0.60859375 0.328125 0.065625 0.0546875
