1 0.92890625 0.7203125 0.1421875 0.340625
1 0.853125 0.60859375 0.0625 0.1125
0 0.3640625 0.81953125 0.515625 0.3609375
0 0.7421875 0.6 0.1375 0.1765625
0 0.3046875 0.68515625 0.19375 0.1453125
0 0.0859375 0.7171875 0.109375 0.1171875
0 0.42734375 0.6140625 0.0984375 0.08125
0 0.7703125 0.52890625 0.0703125 0.0859375
3 0.60859375 0.59765625 0.1296875 0.165625
3 0.52421875 0.5671875 0.0671875 0.071875
3 0.65546875 0.565625 0.040625 0.071875
2 0.7046875 0.478125 0.0359375 0.0375
1 0.4828125 0.5828125 0.046875 0.05625
3 0.69609375 0.53671875 0.065625 0.08125
