3 0.90703125 0.90390625 0.1796875 0.175
3 0.19921875 0.684375 0.1671875 0.2359375
1 0.95078125 0.615625 0.0734375 0.13046875
1 0.3125 0.7015625 0.05 0.18046875
3 0.3734375 0.79296875 0.16875 0.33046875
0 0.77265625 0.5734375 0.0953125 0.08046875
0 0.55859375 0.803125 0.1546875 0.23359375
0 0.703125 0.76953125 0.178125 0.2109375
0 0.49765625 0.65859375 0.0859375 0.121875
0 0.5859375 0.621875 0.0875 0.1
0 0.47734375 0.584375 0.0515625 0.075
0 0.53828125 0.56796875 0.0640625 0.0859375
1 0.41171875 0.5734375 0.0390625 0.075
1 0.38046875 0.55703125 0.0265625 0.06953125
2 0.4109375 0.49453125 0.04375 0.04453125
2 0.4375 0.478125 0.025 0.0390625
