2 0.67109375 0.196875 0.10625 0.08125
2 0.61171875 0.71484375 0.046875 0.0703125
0 0.8734375 0.325 0.23125 0.64375
0 0.7546875 0.06484375 0.078125 0.1234375
0 0.73984375 0.5375 0.146875 0.21875
0 0.72578125 0.38671875 0.125 0.1171875
0 0.690625 0.73203125 0.09375 0.0859375
0 0.67109375 0.69765625 0.05625 0.0515625
0 0.6890625 0.4609375 0.053125 0.059375
3 0.66953125 0.5890625 0.103125 0.134375
1 0.88046875 0.9 0.2171875 0.2
0 0.7171875 0.9390625 0.246875 0.121875
1 0.69609375 0.8515625 0.15625 0.08125
1 0.68828125 0.79453125 0.121875 0.0578125
3 0.628125 0.87265625 0.046875 0.0640625
