1 0.14765625 0.86328125 0.2265625 0.2734375
1 0.2171875 0.77265625 0.1265625 0.2671875
1 0.31484375 0.51015625 0.05 0.06875
1 0.303125 0.54765625 0.0453125 0.065625
1 0.35625 0.65625 0.1453125 0.2390625
1 0.9390625 0.78359375 0.121875 0.3078125
0 0.4609375 0.815625 0.3 0.36875
3 0.79609375 0.57890625 0.25625 0.321875
0 0.81796875 0.44140625 0.1015625 0.121875
2 0.83984375 0.37265625 0.1734375 0.1671875
2 0.46328125 0.49609375 0.171875 0.296875
2 0.5828125 0.4671875 0.178125 0.28125
0 0.65703125 0.44296875 0.0234375 0.065625
2 0.959375 0.3578125 0.0734375 0.1953125
