0 0.321875 0.83984375 0.64375 0.30390625
0 0.94765625 0.7921875 0.0984375 0.3203125
0 0.415625 0.64453125 0.14375 0.08046875
0 0.27421875 0.62109375 0.0921875 0.05546875
0 0.1609375 0.60703125 0.084375 0.0609375
0 0.0859375 0.59453125 0.059375 0.04765625
0 0.01796875 0.5875 0.0359375 0.05
0 0.85 0.690625 0.10625 0.1390625
0 0.4890625 0.62265625 0.084375 0.04765625
0 0.72421875 0.628125 0.0546875 0.04765625
3 0.62109375 0.59609375 0.0984375 0.10546875
0 0.59296875 0.63125 0.1015625 0.08046875
0 0.74453125 0.603125 0.0453125 0.03046875
0 0.809375 0.615625 0.05625 0.05546875
