3 0.26953125 0.56328125 0.046875 0.0578125
1 0.93359375 0.5703125 0.1328125 0.240625
1 0.7140625 0.5515625 0.121875 0.1453125
0 0.840625 0.56171875 0.1140625 0.128125
3 0.80078125 0.50234375 0.0734375 0.0625
3 0.6046875 0.5515625 0.1265625 0.1296875
0 0.52109375 0.5515625 0.06875 0.0765625
2 0.6453125 0.49765625 0.13125 0.1
0 0.3578125 0.56796875 0.0640625 0.071875
3 0.30390625 0.534375 0.04375 0.05625
1 0.10546875 0.66640625 0.0515625 0.08125
1 0.20625 0.63515625 0.053125 0.09375
1 0.24609375 0.5953125 0.0296875 0.0578125
1 0.303125 0.5828125 0.025 0.0453125
1 0.46875 0.54921875 0.04375 0.0734375
