3 0.8421875 0.84609375 0.3125 0.196875
0 0.875 0.584375 0.246875 0.275
0 0.6125 0.440625 0.11875 0.153125
0 0.7140625 0.37890625 0.11875 0.125
0 0.57578125 0.3515625 0.0734375 0.0859375
1 0.22421875 0.47109375 0.0453125 0.1359375
1 0.35703125 0.3015625 0.0296875 0.0640625
2 0.43359375 0.30390625 0.1015625 0.20859375
2 0.83359375 0.25859375 0.1484375 0.15546875
3 0.55234375 0.2875 0.0640625 0.1140625
3 0.62109375 0.2875 0.0609375 0.1140625
3 0.49375 0.284375 0.028125 0.11953125
2 0.509375 0.2 0.0375 0.05
