1 0.09609375 0.840625 0.1859375 0.30859375
1 0.18203125 0.73046875 0.0921875 0.25546875
1 0.31484375 0.484375 0.0421875 0.0640625
1 0.2984375 0.51953125 0.0375 0.0609375
1 0.3359375 0.634375 0.115625 0.225
1 0.92578125 0.84609375 0.1421875 0.29140625
0 0.415625 0.81796875 0.253125 0.35859375
3 0.78203125 0.61953125 0.2171875 0.29453125
0 0.8234375 0.4859375 0.0875 0.1109375
2 0.85390625 0.42109375 0.1546875 0.146875
2 0.4640625 0.490625 0.134375 0.28046875
2 0.58671875 0.47890625 0.1421875 0.2640625
0 0.66328125 0.465625 0.0140625 0.0640625
2 0.975 0.4234375 0.046875 0.19140625
