1 0.02734375 0.57265625 0.0546875 0.1921875
1 0.22265625 0.50703125 0.0734375 0.0890625
1 0.3140625 0.490625 0.028125 0.0609375
0 0.36484375 0.4984375 0.0484375 0.0609375
0 0.52421875 0.5484375 0.0828125 0.10546875
3 0.4640625 0.4875 0.021875 0.04453125
2 0.40703125 0.45703125 0.0171875 0.03359375
3 0.87890625 0.58203125 0.1765625 0.15625
0 0.9640625 0.59609375 0.065625 0.10546875
0 0.7359375 0.5515625 0.10625 0.0890625
0 0.77890625 0.5375 0.0359375 0.05
0 0.65234375 0.52109375 0.0578125 0.05
0 0.60703125 0.509375 0.0359375 0.03359375
3 0.58046875 0.490625 0.0453125 0.0390625
0 0.7046875 0.50703125 0.04375 0.01640625
