3 0.79296875 0.7359375 0.4109375 0.36640625
0 0.8609375 0.4734375 0.275 0.23046875
0 0.5640625 0.475 0.165625 0.228125
0 0.68828125 0.3609375 0.1421875 0.1609375
0 0.478125 0.2875 0.06875 0.096875
0 0.62421875 0.278125 0.0765625 0.09453125
0 0.5328125 0.253125 0.05 0.08359375
0 0.56484375 0.21953125 0.0453125 0.06640625
2 0.25390625 0.340625 0.2171875 0.403125
2 0.38046875 0.23046875 0.0765625 0.178125
2 0.42109375 0.1734375 0.0515625 0.10859375
0 0.471875 0.21953125 0.046875 0.04453125
2 0.65546875 0.1375 0.0546875 0.06953125
2 0.59765625 0.13359375 0.0671875 0.071875
3 0.515625 0.184375 0.05625 0.0859375
3 0.4671875 0.171875 0.04375 0.0609375
