0 0.08125 0.8015625 0.1625 0.290625
0 0.62265625 0.7125 0.21875 0.2890625
0 0.740625 0.60859375 0.221875 0.225
0 0.61796875 0.4703125 0.065625 0.096875
0 0.43515625 0.4859375 0.0765625 0.109375
0 0.959375 0.5828125 0.0734375 0.125
0 0.83515625 0.4328125 0.053125 0.0625
0 0.70078125 0.41328125 0.040625 0.0453125
3 0.76640625 0.4359375 0.0953125 0.0890625
1 0.865625 0.55390625 0.1171875 0.1734375
1 0.875 0.45703125 0.0703125 0.04375
1 0.58359375 0.4953125 0.078125 0.14375
1 0.525 0.453125 0.0578125 0.1125
1 0.2734375 0.47265625 0.0671875 0.128125
1 0.409375 0.38671875 0.0265625 0.0578125
1 0.315625 0.540625 0.0703125 0.1875
2 0.5109375 0.37421875 0.0859375 0.15
2 0.43984375 0.3484375 0.053125 0.0890625
1 0.22734375 0.53203125 0.1 0.1359375
