0 0.06875 0.54453125 0.1375 0.1015625
1 0.190625 0.5546875 0.0859375 0.1046875
1 0.26484375 0.55703125 0.06875 0.090625
0 0.3296875 0.55234375 0.040625 0.0609375
0 0.478125 0.56640625 0.034375 0.0484375
1 0.415625 0.5484375 0.028125 0.0375
0 0.828125 0.65390625 0.159375 0.1265625
0 0.7328125 0.61171875 0.0734375 0.075
0 0.65546875 0.590625 0.0484375 0.0515625
0 0.625 0.578125 0.025 0.040625
3 0.528125 0.56875 0.0390625 0.0609375
2 0.93984375 0.51953125 0.1203125 0.10625
3 0.8875 0.6328125 0.1453125 0.15625
