1 0.57734375 0.81796875 0.1765625 0.353125
1 0.7734375 0.8265625 0.159375 0.3359375
1 0.4015625 0.81640625 0.071875 0.1890625
1 0.04296875 0.75546875 0.0859375 0.40546875
1 0.14140625 0.5734375 0.1015625 0.14140625
0 0.21328125 0.55546875 0.0640625 0.0890625
0 0.26328125 0.54140625 0.0546875 0.0609375
1 0.93125 0.80703125 0.134375 0.375
1 0.75 0.64140625 0.16875 0.28359375
1 0.8578125 0.625 0.109375 0.2390625
2 0.95390625 0.48046875 0.0859375 0.30546875
0 0.54609375 0.6625 0.1703125 0.23046875
0 0.4578125 0.55390625 0.05625 0.08046875
3 0.6296875 0.5734375 0.09375 0.153125
3 0.77421875 0.484375 0.1453125 0.05859375
2 0.6265625 0.459375 0.14375 0.1140625
2 0.8046875 0.440625 0.2125 0.1140625
