1 0.2359375 0.19140625 0.196875 0.1265625
1 0.359375 0.31953125 0.075 0.0390625
1 0.36953125 0.37265625 0.065625 0.04375
0 0.3125 0.9109375 0.35625 0.178125
0 0.4 0.5421875 0.165625 0.1421875
0 0.51328125 0.83046875 0.08125 0.075
0 0.49453125 0.74765625 0.0984375 0.109375
0 0.4484375 0.4921875 0.0640625 0.053125
3 0.4203125 0.42890625 0.1359375 0.1
3 0.43984375 0.64921875 0.2 0.184375
3 0.51875 0.91640625 0.1625 0.1671875
3 0.54140625 0.8203125 0.090625 0.1171875
2 0.54140625 0.6484375 0.05625 0.084375
