1 0.23046875 0.89609375 0.4609375 0.1953125
1 0.0671875 0.55078125 0.134375 0.2578125
1 0.19296875 0.23359375 0.215625 0.1
1 0.39609375 0.8078125 0.146875 0.1484375
1 0.36484375 0.65234375 0.2484375 0.2234375
0 0.309375 0.4015625 0.2984375 0.2359375
0 0.44375 0.30390625 0.109375 0.078125
2 0.5328125 0.8453125 0.240625 0.309375
2 0.52890625 0.5796875 0.1171875 0.13125
2 0.51640625 0.45703125 0.140625 0.13125
3 0.403125 0.52578125 0.1890625 0.15625
0 0.484375 0.08984375 0.0640625 0.059375
0 0.49609375 0.14921875 0.05 0.046875
