0 0.24375 0.77421875 0.3140625 0.246875
0 0.41484375 0.94296875 0.1859375 0.1140625
2 0.50703125 0.9625 0.1203125 0.075
1 0.2875 0.325 0.19375 0.1078125
1 0.4546875 0.53203125 0.078125 0.046875
3 0.45859375 0.821875 0.140625 0.14375
3 0.5234375 0.87734375 0.1359375 0.1484375
0 0.425 0.6234375 0.096875 0.0796875
3 0.4890625 0.5953125 0.0734375 0.05625
2 0.52734375 0.55 0.0828125 0.05
2 0.51953125 0.4734375 0.0765625 0.059375
2 0.3484375 0.440625 0.3296875 0.1890625
2 0.53046875 0.7015625 0.1296875 0.1265625
