0 0.4015625 0.5828125 0.1265625 0.1578125
1 0.07421875 0.47578125 0.0859375 0.109375
2 0.3046875 0.434375 0.140625 0.1625
2 0.36796875 0.46875 0.0546875 0.0984375
2 0.390625 0.475 0.0359375 0.0703125
3 0.4328125 0.5109375 0.03125 0.0359375
0 0.4546875 0.52109375 0.0203125 0.0203125
0 0.7421875 0.73203125 0.228125 0.1921875
0 0.8375 0.746875 0.1078125 0.1015625
0 0.63515625 0.62578125 0.1140625 0.1171875
0 0.73359375 0.63984375 0.109375 0.0765625
0 0.58203125 0.59921875 0.053125 0.0625
0 0.54921875 0.58125 0.04375 0.046875
0 0.528125 0.5578125 0.0296875 0.0390625
