0 0.20078125 0.903125 0.4015625 0.1890625
0 0.9515625 0.8359375 0.09375 0.21640625
1 0.15625 0.65703125 0.10625 0.246875
1 0.2375 0.5859375 0.096875 0.2
1 0.2921875 0.5375 0.06875 0.146875
1 0.3140625 0.4984375 0.053125 0.153125
1 0.33359375 0.45859375 0.0421875 0.1
1 0.3546875 0.4125 0.021875 0.04140625
1 0.35234375 0.5125 0.0234375 0.1359375
2 0.45234375 0.521875 0.1796875 0.3890625
2 0.70546875 0.60703125 0.3203125 0.55859375
2 0.9359375 0.40390625 0.125 0.175
2 0.72890625 0.32890625 0.2453125 0.0859375
