0 0.11484375 0.584375 0.1109375 0.103125
0 0.7109375 0.5765625 0.125 0.1859375
1 0.0375 0.62109375 0.075 0.19140625
1 0.43203125 0.53359375 0.0671875 0.11640625
1 0.371875 0.79296875 0.11875 0.375
1 0.16171875 0.55703125 0.0609375 0.10859375
1 0.209375 0.52109375 0.021875 0.046875
1 0.24609375 0.5140625 0.0203125 0.0390625
0 0.36875 0.5125 0.034375 0.053125
1 0.39765625 0.50859375 0.0078125 0.028125
3 0.90703125 0.721875 0.1796875 0.55
3 0.83984375 0.5265625 0.1671875 0.18046875
3 0.56953125 0.559375 0.2140625 0.36953125
