1 0.12109375 0.81328125 0.0921875 0.32890625
1 0.18046875 0.68515625 0.0390625 0.10546875
0 0.71328125 0.8203125 0.4484375 0.3484375
0 0.28671875 0.6515625 0.1046875 0.15625
0 0.73203125 0.63671875 0.1734375 0.10859375
0 0.95234375 0.61875 0.0890625 0.1
0 0.59609375 0.59453125 0.0859375 0.0640625
0 0.24296875 0.5890625 0.0546875 0.075
3 0.41640625 0.61953125 0.0984375 0.14765625
3 0.49140625 0.57109375 0.0546875 0.0609375
3 0.36328125 0.59921875 0.0265625 0.0671875
2 0.29609375 0.525 0.0296875 0.03046875
1 0.53515625 0.5765625 0.0359375 0.05
3 0.3171875 0.5796875 0.05 0.07265625
