0 0.06953125 0.56796875 0.1390625 0.09453125
1 0.19375 0.57109375 0.08125 0.1
1 0.26796875 0.56953125 0.0640625 0.08671875
0 0.3328125 0.5609375 0.0375 0.05859375
0 0.48125 0.5671875 0.03125 0.04765625
1 0.41796875 0.553125 0.0265625 0.0359375
0 0.8359375 0.63671875 0.153125 0.11953125
0 0.73828125 0.59921875 0.0703125 0.07265625
0 0.66015625 0.58203125 0.0453125 0.05
0 0.62890625 0.57109375 0.0234375 0.0390625
3 0.53203125 0.5671875 0.0359375 0.05859375
2 0.940625 0.49609375 0.115625 0.1
3 0.89375 0.6125 0.1375 0.15078125
