2 0.1109375 0.59921875 0.221875 0.23984375
3 0.28984375 0.63671875 0.0890625 0.08671875
0 0.16328125 0.87890625 0.3265625 0.23671875
0 0.2765625 0.7796875 0.21875 0.178125
0 0.68828125 0.83671875 0.1984375 0.30390625
0 0.5421875 0.70078125 0.0875 0.09765625
0 0.61875 0.7046875 0.08125 0.11171875
0 0.67109375 0.653125 0.0296875 0.04765625
0 0.453125 0.6421875 0.040625 0.03046875
1 0.403125 0.65078125 0.040625 0.04765625
1 0.725 0.65625 0.034375 0.04765625
1 0.69765625 0.653125 0.0234375 0.053125
1 0.84375 0.7578125 0.05 0.15078125
1 0.78984375 0.70859375 0.0296875 0.08046875
1 0.7765625 0.68515625 0.01875 0.07265625
