0 0.3015625 0.88203125 0.55625 0.21953125
1 0.82109375 0.771875 0.1234375 0.1609375
1 0.28359375 0.72890625 0.0515625 0.0859375
1 0.06640625 0.74296875 0.0890625 0.11953125
1 0.1625 0.78046875 0.19375 0.171875
1 0.30234375 0.7515625 0.0453125 0.05859375
1 0.59609375 0.75390625 0.0328125 0.06953125
1 0.71796875 0.72890625 0.0453125 0.09140625
1 0.51953125 0.746875 0.0515625 0.11640625
0 0.14765625 0.7515625 0.0890625 0.103125
0 0.43828125 0.77109375 0.1578125 0.203125
0 0.33671875 0.71953125 0.0453125 0.08359375
0 0.00859375 0.7765625 0.0171875 0.06953125
