2 0.315625 0.14296875 0.284375 0.2703125
3 0.31953125 0.32578125 0.1046875 0.10625
0 0.103125 0.25625 0.20625 0.371875
0 0.17734375 0.3453125 0.2234375 0.253125
0 0.2140625 0.759375 0.340625 0.2609375
0 0.3140625 0.5859375 0.1140625 0.1078125
0 0.32734375 0.66171875 0.128125 0.1046875
0 0.3890625 0.70078125 0.053125 0.0390625
0 0.35078125 0.4859375 0.0390625 0.046875
1 0.33125 0.43984375 0.0546875 0.05
1 0.3984375 0.7546875 0.053125 0.04375
1 0.3953125 0.72734375 0.0578125 0.034375
1 0.32578125 0.89296875 0.1578125 0.0828125
1 0.36171875 0.8296875 0.0859375 0.046875
1 0.38203125 0.8109375 0.075 0.034375
