3 0.4828125 0.8875 0.290625 0.225
0 0.56796875 0.7453125 0.1109375 0.0953125
0 0.6046875 0.63203125 0.10625 0.0859375
0 0.67578125 0.33046875 0.109375 0.1328125
0 0.61484375 0.4625 0.046875 0.0515625
0 0.5953125 0.50546875 0.034375 0.0234375
3 0.57265625 0.465625 0.03125 0.0359375
2 0.5734375 0.4296875 0.0515625 0.071875
0 0.6859375 0.2015625 0.09375 0.0828125
3 0.6640625 0.26875 0.1296875 0.1421875
3 0.62265625 0.40390625 0.078125 0.084375
3 0.60234375 0.54765625 0.1109375 0.084375
0 0.5828125 0.5890625 0.0546875 0.0375
