1 0.1625 0.8125 0.325 0.353125
1 0.3328125 0.26328125 0.1296875 0.05625
1 0.3078125 0.821875 0.4171875 0.3546875
2 0.50234375 0.86015625 0.3234375 0.2796875
2 0.5703125 0.62578125 0.128125 0.1640625
2 0.56640625 0.4828125 0.128125 0.11875
3 0.43359375 0.61875 0.2109375 0.2171875
0 0.2921875 0.47265625 0.38125 0.29375
0 0.45859375 0.3375 0.1421875 0.0984375
0 0.503125 0.04921875 0.0890625 0.0953125
0 0.5171875 0.1171875 0.0609375 0.0546875
0 0.5296875 0.1578125 0.0546875 0.04375
0 0.5203125 0.23046875 0.0453125 0.0421875
3 0.54921875 0.41640625 0.0609375 0.046875
3 0.55234375 0.34609375 0.0578125 0.040625
