0 0.79921875 0.77578125 0.3359375 0.24765625
0 0.47890625 0.61171875 0.0921875 0.08671875
0 0.3796875 0.59921875 0.06875 0.0890625
0 0.296875 0.55546875 0.03125 0.04765625
3 0.04609375 0.51796875 0.0921875 0.13359375
3 0.41640625 0.57109375 0.0421875 0.07265625
1 0.1859375 0.6890625 0.053125 0.17578125
1 0.29765625 0.69765625 0.0359375 0.11953125
1 0.25859375 0.6125 0.0203125 0.05546875
0 0.33046875 0.55703125 0.0203125 0.0390625
2 0.32578125 0.52265625 0.0359375 0.03046875
3 0.35703125 0.5640625 0.0390625 0.0640625
