1 0.18046875 0.46796875 0.3609375 0.2234375
1 0.1578125 0.27421875 0.315625 0.2046875
1 0.2 0.64140625 0.196875 0.096875
1 0.31015625 0.95859375 0.4140625 0.0828125
1 0.47734375 0.865625 0.153125 0.1203125
0 0.48515625 0.79140625 0.096875 0.0765625
0 0.4921875 0.73984375 0.0671875 0.0625
1 0.165625 0.11484375 0.33125 0.1859375
1 0.325 0.271875 0.3046875 0.20625
1 0.3265625 0.16328125 0.2515625 0.1421875
2 0.45625 0.05546875 0.315625 0.1109375
0 0.3328125 0.47734375 0.253125 0.2015625
0 0.45234375 0.54921875 0.0890625 0.0671875
3 0.409375 0.38203125 0.1640625 0.1140625
3 0.47734375 0.2265625 0.0796875 0.1515625
2 0.52265625 0.36875 0.1328125 0.1578125
2 0.51640625 0.18984375 0.1421875 0.2265625
