0 0.17109375 0.38984375 0.3421875 0.6890625
0 0.29765625 0.9578125 0.3328125 0.084375
0 0.3421875 0.44453125 0.1078125 0.15625
0 0.33828125 0.3015625 0.0734375 0.1015625
0 0.33046875 0.1875 0.0765625 0.09375
0 0.328125 0.11171875 0.0578125 0.0671875
0 0.321875 0.04375 0.05625 0.0453125
0 0.3796875 0.8796875 0.15625 0.13125
0 0.37734375 0.5125 0.0625 0.0921875
0 0.4171875 0.74453125 0.05625 0.0625
3 0.42890625 0.6375 0.1234375 0.1171875
0 0.3890625 0.61640625 0.0984375 0.115625
0 0.4453125 0.759375 0.0390625 0.05
0 0.4453125 0.82578125 0.065625 0.065625
