0 0.721875 0.1078125 0.115625 0.153125
0 0.72421875 0.28515625 0.1171875 0.203125
0 0.684375 0.35390625 0.0703125 0.109375
0 0.8484375 0.4078125 0.303125 0.48125
0 0.8125 0.82890625 0.33125 0.284375
0 0.6796875 0.7296875 0.1015625 0.1
0 0.65546875 0.8015625 0.0796875 0.0703125
0 0.6484375 0.56328125 0.0359375 0.053125
1 0.715625 0.9375 0.140625 0.0625
1 0.64453125 0.95703125 0.0828125 0.0359375
1 0.625 0.87265625 0.0765625 0.0640625
0 0.7359375 0.5359375 0.1015625 0.15
2 0.59921875 0.78984375 0.0296875 0.0296875
