0 0.22578125 0.6890625 0.2453125 0.15
0 0.69140625 0.640625 0.0859375 0.10859375
0 0.61875 0.5859375 0.034375 0.04453125
0 0.73828125 0.57109375 0.0421875 0.04140625
0 0.89140625 0.60546875 0.0890625 0.06640625
0 0.6625 0.5609375 0.01875 0.021875
1 0.60234375 0.6265625 0.0421875 0.10859375
1 0.42265625 0.60390625 0.0609375 0.08046875
1 0.45390625 0.6015625 0.0578125 0.06953125
2 0.54765625 0.55546875 0.0421875 0.078125
2 0.6015625 0.54296875 0.034375 0.053125
0 0.63828125 0.565625 0.0234375 0.0359375
