3 0.15 0.54765625 0.3 0.4171875
1 0.825 0.753125 0.1265625 0.2515625
1 0.6328125 0.58203125 0.0375 0.08125
1 0.7046875 0.6203125 0.053125 0.11875
1 0.7625 0.6234375 0.046875 0.1015625
1 0.8984375 0.6375 0.0828125 0.190625
0 0.95390625 0.63828125 0.0796875 0.1421875
0 0.32734375 0.57734375 0.1390625 0.1484375
0 0.45 0.5640625 0.0859375 0.0828125
0 0.40703125 0.5640625 0.0484375 0.06875
3 0.51015625 0.54375 0.053125 0.0703125
2 0.33671875 0.5046875 0.1109375 0.0625
0 0.61953125 0.54453125 0.028125 0.04375
3 0.671875 0.55078125 0.05 0.0734375
