3 0.14765625 0.9265625 0.1953125 0.146875
3 0.28046875 0.22421875 0.2546875 0.1953125
1 0.43984375 0.95859375 0.1390625 0.0828125
1 0.27734375 0.33828125 0.1859375 0.071875
3 0.19375 0.41015625 0.35 0.2078125
0 0.46015625 0.7796875 0.0921875 0.1046875
0 0.20625 0.5953125 0.2515625 0.1828125
0 0.25703125 0.734375 0.23125 0.203125
0 0.3421875 0.5171875 0.13125 0.1
0 0.38984375 0.6 0.109375 0.0984375
0 0.41328125 0.4875 0.08125 0.0609375
0 0.4375 0.54609375 0.09375 0.0734375
1 0.41640625 0.42109375 0.0796875 0.0484375
1 0.42890625 0.38828125 0.071875 0.034375
2 0.49453125 0.4109375 0.0484375 0.0484375
2 0.5140625 0.43515625 0.0421875 0.0296875
