3 0.28984375 0.7703125 0.5703125 0.459375
1 0.71328125 0.8078125 0.1109375 0.25625
1 0.9640625 0.825 0.071875 0.303125
1 0.83125 0.825 0.0640625 0.165625
0 0.5203125 0.68203125 0.1578125 0.14375
0 0.81015625 0.64921875 0.1015625 0.1421875
0 0.7390625 0.6234375 0.071875 0.0921875
0 0.684375 0.61875 0.0578125 0.0703125
0 0.665625 0.590625 0.0421875 0.0359375
0 0.61875 0.5828125 0.0328125 0.0328125
0 0.83125 0.5859375 0.0484375 0.0484375
2 0.834375 0.53671875 0.0484375 0.0578125
3 0.55546875 0.58359375 0.05625 0.040625
0 0.4515625 0.60703125 0.053125 0.0484375
