0 0.26640625 0.1765625 0.2453125 0.2234375
0 0.3328125 0.55625 0.1 0.090625
0 0.359375 0.89375 0.1375 0.190625
0 0.39765625 0.92734375 0.078125 0.115625
0 0.38203125 0.71953125 0.10625 0.115625
0 0.3890625 0.6359375 0.04375 0.0453125
0 0.3875 0.6 0.0421875 0.0421875
0 0.37734375 0.5015625 0.05 0.0484375
0 0.378125 0.4484375 0.05 0.0375
0 0.3859375 0.475 0.0375 0.0203125
2 0.41875 0.4640625 0.0390625 0.0328125
1 0.12890625 0.6078125 0.2453125 0.190625
1 0.15234375 0.32421875 0.1859375 0.0765625
1 0.259375 0.40390625 0.121875 0.05
1 0.30703125 0.37265625 0.0890625 0.0296875
