1 0.79296875 0.7609375 0.0328125 0.05625
1 0.73984375 0.759375 0.025 0.0484375
1 0.70859375 0.75625 0.0421875 0.065625
1 0.5515625 0.725 0.025 0.0390625
1 0.63984375 0.72890625 0.015625 0.0203125
0 0.83984375 0.7890625 0.0671875 0.0734375
0 0.628125 0.82109375 0.1484375 0.1515625
0 0.521875 0.77734375 0.109375 0.096875
0 0.6234375 0.76796875 0.1328125 0.0859375
0 0.3640625 0.73359375 0.078125 0.0703125
0 0.015625 0.67578125 0.03125 0.0515625
1 0.0859375 0.70703125 0.053125 0.0953125
1 0.0109375 0.734375 0.021875 0.13125
1 0.1921875 0.6984375 0.01875 0.0359375
