0 0.72890625 0.50859375 0.121875 0.1375
0 0.95859375 0.44296875 0.08125 0.1
0 0.8640625 0.41875 0.028125 0.034375
0 0.13671875 0.6828125 0.2359375 0.18125
0 0.36640625 0.58828125 0.190625 0.1375
1 0.23515625 0.6046875 0.0984375 0.10625
3 0.353125 0.553125 0.15625 0.1125
0 0.29453125 0.565625 0.065625 0.0703125
0 0.5328125 0.50390625 0.1203125 0.0953125
0 0.47890625 0.525 0.0734375 0.0765625
0 0.44453125 0.51953125 0.046875 0.0453125
0 0.61875 0.475 0.071875 0.0609375
3 0.66015625 0.4625 0.0390625 0.0484375
0 0.709375 0.44453125 0.028125 0.0265625
0 0.6859375 0.4546875 0.028125 0.03125
