0 0.184375 0.86953125 0.36875 0.2296875
0 0.9140625 0.88125 0.115625 0.225
1 0.14140625 0.6203125 0.13125 0.25625
1 0.2296875 0.5578125 0.1171875 0.209375
1 0.2890625 0.515625 0.084375 0.153125
1 0.315625 0.47890625 0.06875 0.1578125
1 0.3390625 0.44140625 0.053125 0.103125
1 0.36484375 0.39765625 0.0265625 0.0421875
1 0.3515625 0.496875 0.0375 0.1375
2 0.45 0.51640625 0.21875 0.40625
2 0.69296875 0.628125 0.3765625 0.5890625
2 0.9359375 0.45 0.128125 0.1875
2 0.7453125 0.35390625 0.253125 0.1109375
