1 0.815625 0.203125 0.36875 0.365625
1 0.68984375 0.3984375 0.353125 0.24375
1 0.54453125 0.5328125 0.1046875 0.0546875
1 0.79453125 0.6734375 0.3671875 0.1546875
1 0.68671875 0.75 0.14375 0.065625
3 0.61875 0.16328125 0.225 0.271875
2 0.5046875 0.3140625 0.1 0.1875
0 0.66328125 0.26484375 0.203125 0.1234375
0 0.53046875 0.7046875 0.103125 0.065625
2 0.47265625 0.66640625 0.1296875 0.0859375
1 0.55859375 0.62734375 0.1484375 0.0984375
3 0.5046875 0.59296875 0.15 0.1078125
3 0.5421875 0.46171875 0.1125 0.11875
