0 0.0765625 0.746875 0.153125 0.45703125
0 0.83125 0.6515625 0.19375 0.17265625
0 0.434375 0.540625 0.11875 0.12265625
0 0.371875 0.490625 0.03125 0.05546875
2 0.81875 0.540625 0.24375 0.15625
3 0.628125 0.5375 0.13125 0.11171875
3 0.50390625 0.4984375 0.0734375 0.1171875
1 0.29453125 0.6515625 0.0546875 0.1890625
1 0.35390625 0.59765625 0.0484375 0.125
1 0.2421875 0.5609375 0.03125 0.08671875
1 0.21953125 0.5234375 0.0171875 0.0609375
1 0.19921875 0.515625 0.0140625 0.05
3 0.309375 0.48203125 0.05625 0.1
2 0.59921875 0.48203125 0.0859375 0.03359375
