2 0.790625 0.63671875 0.171875 0.09765625
0 0.9546875 0.7546875 0.084375 0.08359375
0 0.83359375 0.84921875 0.3265625 0.28984375
1 0.571875 0.83984375 0.61875 0.2984375
1 0.2328125 0.8046875 0.125 0.2953125
1 0.29453125 0.678125 0.0578125 0.0640625
1 0.4484375 0.66953125 0.05625 0.04140625
3 0.56796875 0.68515625 0.1484375 0.08359375
0 0.7015625 0.7046875 0.125 0.05
1 0.76171875 0.68671875 0.0734375 0.04765625
1 0.18359375 0.6796875 0.0453125 0.07265625
3 0.25234375 0.6296875 0.0515625 0.05546875
