0 0.0859375 0.8234375 0.171875 0.28046875
0 0.63359375 0.70546875 0.2046875 0.278125
0 0.74609375 0.59609375 0.2109375 0.2140625
0 0.61640625 0.4640625 0.0609375 0.09453125
0 0.434375 0.4890625 0.071875 0.10546875
0 0.96328125 0.55859375 0.0671875 0.121875
0 0.83125 0.415625 0.05 0.05859375
0 0.69609375 0.403125 0.0390625 0.04453125
3 0.7625 0.421875 0.090625 0.08359375
1 0.86796875 0.534375 0.1078125 0.16953125
1 0.871875 0.4375 0.06875 0.04140625
1 0.58359375 0.490625 0.0703125 0.14140625
1 0.52265625 0.4515625 0.0515625 0.10859375
1 0.27265625 0.484375 0.0609375 0.125
1 0.40390625 0.39140625 0.0234375 0.05546875
1 0.31796875 0.55 0.0609375 0.18359375
2 0.5046875 0.3734375 0.078125 0.146875
2 0.43203125 0.3515625 0.0484375 0.0859375
1 0.2296875 0.54609375 0.09375 0.13046875
