3 0.6109375 0.63203125 0.040625 0.04140625
3 0.565625 0.63203125 0.021875 0.025
3 0.925 0.63203125 0.109375 0.1140625
2 0.74609375 0.634375 0.0953125 0.06953125
0 0.0390625 0.615625 0.078125 0.096875
3 0.14140625 0.60703125 0.0796875 0.09140625
3 0.21640625 0.6109375 0.0703125 0.071875
3 0.27265625 0.60703125 0.0421875 0.0640625
3 0.31015625 0.61640625 0.0296875 0.0390625
3 0.346875 0.6140625 0.0375 0.04453125
2 0.41171875 0.6140625 0.0109375 0.021875
3 0.49296875 0.62109375 0.0203125 0.025
3 0.528125 0.634375 0.015625 0.00859375
