1 0.4390625 0.7953125 0.25625 0.409375
1 0.30078125 0.6140625 0.0734375 0.15
1 0.27421875 0.51328125 0.03125 0.0734375
1 0.5203125 0.62578125 0.090625 0.1640625
1 0.25703125 0.4828125 0.0265625 0.0625
2 0.34765625 0.42890625 0.1390625 0.1875
1 0.4140625 0.5296875 0.1125 0.1828125
0 0.56484375 0.5625 0.1546875 0.1625
0 0.84375 0.696875 0.2859375 0.24375
3 0.834375 0.8546875 0.25625 0.290625
3 0.4796875 0.475 0.071875 0.059375
0 0.74921875 0.56640625 0.115625 0.0828125
0 0.8234375 0.58046875 0.103125 0.0703125
