0 0.08984375 0.68671875 0.1453125 0.103125
0 0.26640625 0.7046875 0.1953125 0.1
0 0.33828125 0.67109375 0.1046875 0.0609375
0 0.37734375 0.84921875 0.4578125 0.284375
0 0.80078125 0.83984375 0.2578125 0.309375
0 0.71328125 0.69921875 0.0921875 0.09453125
0 0.78671875 0.68125 0.0640625 0.075
0 0.55 0.653125 0.05 0.03046875
1 0.9171875 0.753125 0.05 0.13671875
1 0.94296875 0.68359375 0.0296875 0.08046875
1 0.86015625 0.65703125 0.0578125 0.07265625
0 0.51484375 0.73828125 0.1421875 0.0890625
2 0.78046875 0.62421875 0.0265625 0.028125
