3 0.60625 0.3640625 0.0484375 0.0484375
3 0.615625 0.40859375 0.0296875 0.0265625
3 0.540625 0.0609375 0.134375 0.121875
2 0.58046875 0.23125 0.0875 0.1078125
0 0.70859375 0.9265625 0.1109375 0.096875
3 0.67890625 0.828125 0.1046875 0.096875
3 0.6671875 0.7546875 0.084375 0.084375
3 0.65234375 0.7 0.071875 0.0546875
3 0.653125 0.66171875 0.04375 0.0375
3 0.64375 0.62578125 0.05 0.0453125
2 0.6296875 0.5625 0.0234375 0.015625
3 0.61953125 0.48203125 0.028125 0.025
3 0.62578125 0.44453125 0.0125 0.0171875
