0 0.5421875 0.6640625 0.10625 0.08671875
0 0.31015625 0.678125 0.0921875 0.103125
0 0.16640625 0.6046875 0.0171875 0.028125
0 0.25546875 0.62109375 0.0234375 0.04453125
1 0.15078125 0.640625 0.0140625 0.04453125
0 0.45546875 0.63203125 0.0484375 0.04453125
0 0.39375 0.62421875 0.03125 0.02265625
3 0.59609375 0.628125 0.0953125 0.0921875
3 0.4796875 0.61171875 0.021875 0.03046875
2 0.20546875 0.5875 0.0171875 0.028125
0 0.20625 0.615625 0.015625 0.03359375
3 0.22734375 0.62109375 0.0328125 0.0609375
3 0.34296875 0.6125 0.0328125 0.02265625
0 0.30703125 0.615625 0.0171875 0.01640625
