1 0.7875 0.87265625 0.2015625 0.1296875
1 0.884375 0.6625 0.23125 0.121875
1 0.77109375 0.528125 0.1921875 0.096875
1 0.7890625 0.74296875 0.153125 0.0734375
1 0.70703125 0.6234375 0.134375 0.065625
0 0.63203125 0.7640625 0.071875 0.0625
0 0.64375 0.6953125 0.0921875 0.084375
0 0.5828125 0.0515625 0.159375 0.103125
0 0.584375 0.15546875 0.109375 0.125
0 0.6046875 0.39453125 0.078125 0.103125
0 0.596875 0.47265625 0.0546875 0.0640625
0 0.5953125 0.52265625 0.0453125 0.046875
1 0.64375 0.58984375 0.0734375 0.0421875
0 0.58359375 0.3671875 0.053125 0.0515625
0 0.609375 0.246875 0.175 0.2078125
