0 0.15703125 0.7046875 0.2046875 0.228125
0 0.54140625 0.67109375 0.0828125 0.09453125
0 0.8796875 0.67421875 0.18125 0.12265625
0 0.9171875 0.6390625 0.109375 0.06953125
0 0.70859375 0.63671875 0.1078125 0.09765625
0 0.62578125 0.62265625 0.0421875 0.04140625
0 0.58984375 0.62109375 0.0390625 0.0390625
0 0.490625 0.62265625 0.04375 0.04765625
0 0.43828125 0.6171875 0.0328125 0.04765625
0 0.46484375 0.61171875 0.0171875 0.0359375
2 0.45703125 0.578125 0.0296875 0.0359375
1 0.575 0.87890625 0.171875 0.23125
1 0.29453125 0.83125 0.0609375 0.18125
1 0.38359375 0.73125 0.0390625 0.11953125
1 0.35625 0.68125 0.021875 0.08671875
