0 0.340625 0.08125 0.378125 0.1625
0 0.07265625 0.825 0.1453125 0.18125
0 0.3109375 0.7671875 0.1234375 0.15
0 0.34921875 0.48671875 0.1390625 0.1484375
0 0.41875 0.36171875 0.090625 0.078125
0 0.45703125 0.29765625 0.0578125 0.0515625
0 0.40625 0.51796875 0.0453125 0.053125
1 0.1703125 0.45234375 0.26875 0.1765625
1 0.20390625 0.24296875 0.3125 0.1953125
1 0.29296875 0.16171875 0.2734375 0.1390625
1 0.4359375 0.240625 0.0859375 0.05
3 0.43046875 0.41171875 0.084375 0.0640625
2 0.4828125 0.35625 0.04375 0.0328125
1 0.303125 0.87109375 0.103125 0.090625
3 0.46484375 0.33671875 0.05625 0.0421875
