0 0.2296875 0.12109375 0.3625 0.2421875
0 0.4078125 0.0859375 0.0640625 0.1375
0 0.16171875 0.90546875 0.1375 0.109375
0 0.2984375 0.55546875 0.0828125 0.06875
2 0.2609375 0.72109375 0.2671875 0.221875
1 0.2296875 0.82578125 0.0921875 0.05625
1 0.3109375 0.2359375 0.0828125 0.04375
0 0.32890625 0.5203125 0.05625 0.0328125
1 0.31875 0.44453125 0.121875 0.1
1 0.446875 0.096875 0.034375 0.03125
1 0.42109375 0.18828125 0.034375 0.0234375
1 0.38203125 0.29375 0.05 0.028125
1 0.37578125 0.3703125 0.0375 0.01875
2 0.3796875 0.42578125 0.0609375 0.0453125
0 0.29609375 0.5984375 0.0703125 0.0484375
