0 0.10234375 0.559375 0.1171875 0.175
1 0.1359375 0.49453125 0.05625 0.128125
1 0.42578125 0.52109375 0.0640625 0.10859375
1 0.46640625 0.45 0.0890625 0.10546875
1 0.56640625 0.41953125 0.0296875 0.0609375
1 0.76953125 0.40703125 0.0828125 0.096875
1 0.61796875 0.39453125 0.0203125 0.03359375
0 0.29375 0.44609375 0.04375 0.04140625
2 0.36484375 0.415625 0.1046875 0.1140625
2 0.1203125 0.43046875 0.025 0.0390625
0 0.6484375 0.48203125 0.19375 0.146875
0 0.89921875 0.634375 0.1984375 0.496875
3 0.92578125 0.38203125 0.1453125 0.16953125
