0 0.78515625 0.79375 0.4265625 0.3953125
0 0.60546875 0.61875 0.1796875 0.15625
0 0.43203125 0.565625 0.0734375 0.0890625
0 0.7515625 0.5609375 0.159375 0.0640625
0 0.56796875 0.51640625 0.0359375 0.0359375
0 0.53515625 0.5265625 0.0265625 0.04453125
1 0.0296875 0.63515625 0.059375 0.13359375
1 0.07265625 0.603125 0.0484375 0.09765625
1 0.15625 0.5921875 0.046875 0.08046875
1 0.3390625 0.58671875 0.025 0.075
1 0.30234375 0.5609375 0.0171875 0.053125
1 0.23046875 0.56015625 0.0640625 0.12265625
3 0.359375 0.53203125 0.04375 0.08359375
3 0.88828125 0.5484375 0.1171875 0.1
3 0.49375 0.54765625 0.075 0.0921875
3 0.62109375 0.525 0.0546875 0.053125
